1,1,14.523472740883982,14.523472740883982,10.402321127474497,0,7.241847951651833,10.000000000000002,2.0,12.000000000000002,1.3553756457065376,0.2
1,2,8.384031162972429,8.384031162972429,10.402321127474497,0,1.1024063737402812,10.000000000000002,2.0,12.000000000000002,4.989634447236179,0.2
1,3,9.263821987093282,9.263821987093282,10.402321127474497,0,1.9821971978611337,10.000000000000002,2.0,12.000000000000002,6.864311600524115,0.2
1,4,10.843318103062145,10.843318103062145,10.402321127474497,0,3.5616933138299984,10.000000000000002,2.0,12.000000000000002,5.579996521874322,0.2
1,5,12.850853574733504,12.850853574733504,10.402321127474497,0,5.569228785501356,10.000000000000002,2.0,12.000000000000002,0.28061049988181264,0.2
1,6,7.39098253495934,7.39098253495934,10.402321127474497,0,0.10935774572719237,10.000000000000002,2.0,12.000000000000002,5.9009665574376315,0.2
1,7,9.791277389020202,9.791277389020202,10.402321127474497,0,2.5096525997880548,10.000000000000002,2.0,12.000000000000002,6.720732906871726,0.2
1,8,12.839992155210865,12.839992155210865,10.402321127474497,0,5.558367365978716,10.000000000000002,2.0,12.000000000000002,1.4430697239244958,0.2
1,9,8.383426359814349,8.383426359814349,10.402321127474497,0,1.1018015705822017,10.000000000000002,2.0,12.000000000000002,5.078538131770296,0.2
1,10,11.59339046801198,11.59339046801198,10.402321127474497,0,4.311765678779833,10.000000000000002,2.0,12.000000000000002,2.294078323220834,0.2
1,11,8.125446619531358,8.125446619531358,10.402321127474497,0,0.8438218302992105,10.000000000000002,2.0,12.000000000000002,6.445506211632616,0.2
1,12,9.479541760022702,9.479541760022702,10.402321127474497,0,2.197916970790554,10.000000000000002,2.0,12.000000000000002,7.888743819061712,0.2
2,1,14.621939399895371,14.621939399895371,9.915499229562082,0,7.6810899392019145,9.479541760022702,1.92,11.399541760022702,-1.9600939911442472,0.2
2,2,6.940849460693457,6.940849460693457,9.915499229562082,0,0,9.479541760022702,1.92,11.399541760022702,3.553248077053623,0.2
2,3,8.222296304064685,8.222296304064685,9.915499229562082,0,1.281446843371228,9.479541760022702,1.92,11.399541760022702,6.5036964585090375,0.2
2,4,11.639803594706612,11.639803594706612,9.915499229562082,0,4.698954134013155,9.479541760022702,1.92,11.399541760022702,2.619130258680598,0.39636654639712177
2,5,7.906615219446806,7.906615219446806,9.915499229562082,0,0.9657657587533496,9.479541760022702,1.92,11.399541760022702,6.200940809371769,0.39636654639712177
2,6,12.170067402185868,12.170067402185868,9.915499229562082,0,5.2292179414924105,9.479541760022702,1.92,11.399541760022702,1.2558469945848172,0.39636654639712177
2,7,8.144989137015124,8.144989137015124,9.915499229562082,0,1.204139676321667,9.479541760022702,1.92,11.399541760022702,4.360909710139354,0.28583138271374975
2,8,8.560159291558348,8.560159291558348,9.915499229562082,0,1.619309830864891,9.479541760022702,1.92,11.399541760022702,6.635632116607442,0.28583138271374975
2,9,10.940735173164498,10.940735173164498,9.915499229562082,0,3.999885712471042,9.479541760022702,1.92,11.399541760022702,4.149202759863229,0.28583138271374975
2,10,8.207869976467546,8.207869976467546,9.915499229562082,0,1.2670205157740881,9.479541760022702,1.92,11.399541760022702,7.1285037965129225,0.2268372272348094
2,11,12.072329394048449,12.072329394048449,9.915499229562082,0,5.131479933354991,9.479541760022702,1.92,11.399541760022702,2.3788859980008095,0.2268372272348094
2,12,7.915962500684172,7.915962500684172,9.915499229562082,0,0.9751130399907151,9.479541760022702,1.92,11.399541760022702,5.9420019862172495,0.2268372272348094
3,1,10.265656054821129,10.265656054821129,8.212789192856217,0,4.516703619821778,7.915962500684171,1.848,9.76396250068417,1.5394415701153799,0.2761564155336504
3,2,6.470494583728268,6.470494583728268,8.212789192856217,0,0.7215421487289162,7.915962500684171,1.848,9.76396250068417,4.727204096199232,0.2761564155336504
3,3,7.442672427650021,7.442672427650021,8.212789192856217,0,1.6937199926506696,7.915962500684171,1.848,9.76396250068417,5.970610934439578,0.2761564155336504
3,4,7.618775706795084,7.618775706795084,8.212789192856217,0,1.869823271795733,7.915962500684171,1.848,9.76396250068417,6.861811214389798,0.09425360115604636
3,5,8.60382801472746,8.60382801472746,8.212789192856217,0,2.854875579728109,7.915962500684171,1.848,9.76396250068417,5.7829068784752655,0.09425360115604636
3,6,11.523785150963311,11.523785150963311,8.212789192856217,0,5.77483271596396,7.915962500684171,1.848,9.76396250068417,-1.1359117299109691,0.09425360115604636
3,7,5.748952434999351,5.748952434999351,8.212789192856217,0,0,7.915962500684171,1.848,9.76396250068417,3.4949350936307164,0.06092676759145508
3,8,8.378343846726544,8.378343846726544,8.212789192856217,0,2.629391411727193,7.915962500684171,1.848,9.76396250068417,2.8669990937180163,0.06092676759145508
3,9,8.362520121694342,8.362520121694342,8.212789192856217,0,2.6135676866949895,7.915962500684171,1.848,9.76396250068417,2.270710543869722,0.06092676759145508
3,10,6.440077916903437,6.440077916903437,8.212789192856217,0,0.691125481904086,7.915962500684171,1.848,9.76396250068417,5.5193064036032355,0.2266895863850756
3,11,8.413659716586892,8.413659716586892,8.212789192856217,0,2.66470728158754,7.915962500684171,1.848,9.76396250068417,4.82073866396984,0.2266895863850756
3,12,7.228656315952321,7.228656315952321,8.212789192856217,0,1.4797038809529703,7.915962500684171,1.848,9.76396250068417,6.492177725605586,0.2266895863850756
4,1,8.491482276255855,8.491482276255855,7.511200376375669,0,3.2336420127928873,7.228656315952321,1.7832000000000001,9.011856315952322,4.249069865421866,0.44413993896467396
4,2,8.245055272897513,8.245055272897513,7.511200376375669,0,2.9872150094345447,7.228656315952321,1.7832000000000001,9.011856315952322,2.4988160119548306,0.44413993896467396
4,3,6.1694164245619865,6.1694164245619865,7.511200376375669,0,0.9115761610990191,7.228656315952321,1.7832000000000001,9.011856315952322,4.899839855158847,0.44413993896467396
4,4,8.745509600138828,8.745509600138828,7.511200376375669,0,3.487669336675859,7.228656315952321,1.7832000000000001,9.011856315952322,2.1486773472091825,0.08993655608794547
4,5,5.982372229326695,5.982372229326695,7.511200376375669,0,0.7245319658637274,7.228656315952321,1.7832000000000001,9.011856315952322,4.923789580883782,0.08993655608794547
4,6,9.223409392214785,9.223409392214785,7.511200376375669,0,3.9655691287518176,7.228656315952321,1.7832000000000001,9.011856315952322,1.2168274887822017,0.08993655608794547
4,7,6.061973959439883,6.061973959439883,7.511200376375669,0,0.8041336959769154,7.228656315952321,1.7832000000000001,9.011856315952322,3.8327362622304255,0.23721197818522183
4,8,6.592816541581963,6.592816541581963,7.511200376375669,0,1.3349762781189956,7.228656315952321,1.7832000000000001,9.011856315952322,5.386959871394489,0.23721197818522183
4,9,9.738813595592006,9.738813595592006,7.511200376375669,0,4.480973332129038,7.228656315952321,1.7832000000000001,9.011856315952322,0.6491893725384674,0.23721197818522183
4,10,5.747337342575907,5.747337342575907,7.511200376375669,0,0.48949707911293977,7.228656315952321,1.7832000000000001,9.011856315952322,3.894371379714643,0.07361332994560807
4,11,8.113764586998883,8.113764586998883,7.511200376375669,0,2.8559243235359144,7.228656315952321,1.7832000000000001,9.011856315952322,2.406698898044868,0.07361332994560807
4,12,6.200070968692014,6.200070968692014,7.511200376375669,0,0.9422307052290466,7.228656315952321,1.7832000000000001,9.011856315952322,4.74641365298883,0.07361332994560807
5,1,6.93149024371493,6.93149024371493,6.4089239933157724,0,2.4452434483938896,6.200070968692014,1.7248800000000004,7.9249509686920145,3.4924281275667557,0.380919523398658
5,2,7.598532875843175,7.598532875843175,6.4089239933157724,0,3.112286080522135,6.200070968692014,1.7248800000000004,7.9249509686920145,0.9043573378881913,0.380919523398658
5,3,5.352586416764965,5.352586416764965,6.4089239933157724,0,0.8663396214439245,6.200070968692014,1.7248800000000004,7.9249509686920145,2.808179466366047,0.380919523398658
5,4,6.941354292167399,6.941354292167399,6.4089239933157724,0,2.4551074968463587,6.200070968692014,1.7248800000000004,7.9249509686920145,1.534465844039035,0.11748475478549593
5,5,5.970932872588395,5.970932872588395,6.4089239933157724,0,1.484686077267354,6.200070968692014,1.7248800000000004,7.9249509686920145,2.201595060870032,0.11748475478549593
5,6,5.780481311616198,5.780481311616198,6.4089239933157724,0,1.2942345162951567,6.200070968692014,1.7248800000000004,7.9249509686920145,3.2496273996454232,0.11748475478549593
5,7,6.507868698051021,6.507868698051021,6.4089239933157724,0,2.02162190272998,6.200070968692014,1.7248800000000004,7.9249509686920145,2.842884965551168,0.314972553546689
5,8,6.008246364525896,6.008246364525896,6.4089239933157724,0,1.5219995692048556,6.200070968692014,1.7248800000000004,7.9249509686920145,3.4353871985071622,0.314972553546689
5,9,6.923016736514664,6.923016736514664,6.4089239933157724,0,2.4367699411936234,6.200070968692014,1.7248800000000004,7.9249509686920145,2.1983486874856206,0.314972553546689
5,10,5.760097530127253,5.760097530127253,6.4089239933157724,0,1.2738507348062127,6.200070968692014,1.7248800000000004,7.9249509686920145,3.2871485892389005,0.4259194117069015
5,11,7.264987773877115,7.264987773877115,6.4089239933157724,0,2.7787409785560744,6.200070968692014,1.7248800000000004,7.9249509686920145,1.366168003492457,0.4259194117069015
5,12,5.731495029863067,5.731495029863067,6.4089239933157724,0,1.245248234542027,6.200070968692014,1.7248800000000004,7.9249509686920145,2.5121729057741087,0.4259194117069015
6,1,6.659509620216388,6.659509620216388,5.941748590060441,0,2.5002856071740798,5.731495029863067,1.672392,7.403887029863068,0.8663972852648403,0.4604714428376925
6,2,4.591404074224745,4.591404074224745,5.941748590060441,0,0.432180061182437,5.731495029863067,1.672392,7.403887029863068,3.3568327567388576,0.4604714428376925
6,3,6.616482848056399,6.616482848056399,5.941748590060441,0,2.4572588350140903,5.731495029863067,1.672392,7.403887029863068,1.7971106805495682,0.4604714428376925
6,4,4.719915802249349,4.719915802249349,5.941748590060441,0,0.5606917892070407,5.731495029863067,1.672392,7.403887029863068,4.030522695974378,0.22310610936883865
6,5,7.0511857100682045,7.0511857100682045,5.941748590060441,0,2.891961697025896,5.731495029863067,1.672392,7.403887029863068,1.6013948957614774,0.22310610936883865
6,6,5.601119170635615,5.601119170635615,5.941748590060441,0,1.441895157593306,5.731495029863067,1.672392,7.403887029863068,2.0724001744137563,0.22310610936883865
6,7,4.884225696803981,4.884225696803981,5.941748590060441,0,0.7250016837616728,5.731495029863067,1.672392,7.403887029863068,3.977192400729302,0.18524109527672428
6,8,5.928848454497168,5.928848454497168,5.941748590060441,0,1.7696244414548599,5.731495029863067,1.672392,7.403887029863068,3.7927391116584737,0.18524109527672428
6,9,7.596461712664609,7.596461712664609,5.941748590060441,0,3.4372376996223,5.731495029863067,1.672392,7.403887029863068,0.2730593062527644,0.18524109527672428
6,10,4.332026017949062,4.332026017949062,5.941748590060441,0,0.1728020049067531,5.731495029863067,1.672392,7.403887029863068,3.2822508902781493,0.3403945893644027
6,11,5.817231711775342,5.817231711775342,5.941748590060441,0,1.6580076987330337,5.731495029863067,1.672392,7.403887029863068,3.321031086650973,0.3403945893644027
6,12,5.5503223576587875,5.5503223576587875,5.941748590060441,0,1.391098344616479,5.731495029863067,1.672392,7.403887029863068,3.8936299912569066,0.3403945893644027
7,1,7.6272267792226085,7.6272267792226085,5.799810130287307,0,3.5673596880214933,5.5503223576587875,1.6251528000000002,7.175475157658788,-0.010691079242215462,0.4851656246539316
7,2,4.059867091201115,4.059867091201115,5.799810130287307,0,0,5.5503223576587875,1.6251528000000002,7.175475157658788,3.2197072263016495,0.4851656246539316
7,3,7.18556674080881,7.18556674080881,5.799810130287307,0,3.1256996496076956,5.5503223576587875,1.6251528000000002,7.175475157658788,0.19870623263012321,0.4851656246539316
7,4,4.21996442485467,4.21996442485467,5.799810130287307,0,0.16009733365355489,5.5503223576587875,1.6251528000000002,7.175475157658788,3.1089098708668783,0.07471203577910991
7,5,5.650159014570465,5.650159014570465,5.799810130287307,0,1.5902919233693504,5.5503223576587875,1.6251528000000002,7.175475157658788,3.1587243296720424,0.07471203577910991
7,6,7.045420080238733,7.045420080238733,5.799810130287307,0,2.9855529890376187,5.5503223576587875,1.6251528000000002,7.175475157658788,0.4180166571406705,0.07471203577910991
7,7,4.209028010715333,4.209028010715333,5.799810130287307,0,0.14916091951421748,5.5503223576587875,1.6251528000000002,7.175475157658788,3.3500931236561002,0.4703942995577651
7,8,5.40496095152862,5.40496095152862,5.799810130287307,0,1.345093860327505,5.5503223576587875,1.6251528000000002,7.175475157658788,3.8903037085449546,0.4703942995577651
7,9,6.61405961936407,6.61405961936407,5.799810130287307,0,2.5541925281629556,5.5503223576587875,1.6251528000000002,7.175475157658788,2.0123169577629083,0.4703942995577651
7,10,5.384729824739198,5.384729824739198,5.799810130287307,0,1.3248627335380831,5.5503223576587875,1.6251528000000002,7.175475157658788,2.592989796230607,0.017197207246247577
7,11,6.154558401368327,6.154558401368327,5.799810130287307,0,2.0946913101672116,5.5503223576587875,1.6251528000000002,7.175475157658788,1.6340054814400484,0.017197207246247577
7,12,4.7294564585623355,4.7294564585623355,5.799810130287307,0,0.6695893673612203,5.5503223576587875,1.6251528000000002,7.175475157658788,3.5252250522614723,0.017197207246247577
8,1,5.269245610010076,5.269245610010076,4.913157002058263,0,1.8300357085692924,4.729456458562335,1.5826375200000002,6.312093978562335,2.629347292861918,0.3932615564504472
8,2,4.930520635115531,4.930520635115531,4.913157002058263,0,1.4913107336747475,4.729456458562335,1.5826375200000002,6.312093978562335,2.410919483251453,0.3932615564504472
8,3,5.785596703769446,5.785596703769446,4.913157002058263,0,2.346386802328662,4.729456458562335,1.5826375200000002,6.312093978562335,0.4823395363331584,0.3932615564504472
8,4,3.8238239799486227,3.8238239799486227,4.913157002058263,0,0.384614078507839,4.729456458562335,1.5826375200000002,6.312093978562335,2.4773050370565106,0.3723577289995734
8,5,5.440283656728889,5.440283656728889,4.913157002058263,0,2.0010737552881057,4.729456458562335,1.5826375200000002,6.312093978562335,1.2393511842193297,0.3723577289995734
8,6,4.0104287337852424,4.0104287337852424,4.913157002058263,0,0.571218832344459,4.729456458562335,1.5826375200000002,6.312093978562335,2.861107177269442,0.3723577289995734
8,7,5.939816010405945,5.939816010405945,4.913157002058263,0,2.500606108965161,4.729456458562335,1.5826375200000002,6.312093978562335,0.6240886170781499,0.4264846357448117
8,8,4.030707566481574,4.030707566481574,4.913157002058263,0,0.5914976650407902,4.729456458562335,1.5826375200000002,6.312093978562335,2.205286944735599,0.4264846357448117
8,9,5.403230607233345,5.403230607233345,4.913157002058263,0,1.9640207057925614,4.729456458562335,1.5826375200000002,6.312093978562335,1.0414391908895064,0.4264846357448117
8,10,3.974592339502973,3.974592339502973,4.913157002058263,0,0.5353824380621894,4.729456458562335,1.5826375200000002,6.312093978562335,2.7348679725041576,0.31945653735674967
8,11,5.934832182788851,5.934832182788851,4.913157002058263,0,2.4956222813480666,4.729456458562335,1.5826375200000002,6.312093978562335,0.5078170675470539,0.31945653735674967
8,12,3.7003010451600016,3.7003010451600016,4.913157002058263,0,0.26109114371921766,4.729456458562335,1.5826375200000002,6.312093978562335,2.7498284378476483,0.31945653735674967
9,1,4.207696144126565,4.207696144126565,3.7867997768136576,0,1.5569363003570045,3.700301045160002,1.544373768,5.244674813160002,1.821536971568178,0.2953248215325609
9,2,3.7616529407199826,3.7616529407199826,3.7867997768136576,0,1.1108930969504223,3.700301045160002,1.544373768,5.244674813160002,1.7853319121018725,0.2953248215325609
9,3,4.099418379738267,4.099418379738267,3.7867997768136576,0,1.4486585359687063,3.700301045160002,1.544373768,5.244674813160002,1.073595974598999,0.2953248215325609
9,4,3.036439298840598,3.036439298840598,3.7867997768136576,0,0.385679455071038,3.700301045160002,1.544373768,5.244674813160002,2.4878181988914623,0.43853807832381525
9,5,3.9234110540610523,3.9234110540610523,3.7867997768136576,0,1.2726512102914918,3.700301045160002,1.544373768,5.244674813160002,2.1280969127430174,0.43853807832381525
9,6,3.323962678794007,3.323962678794007,3.7867997768136576,0,0.6732028350244467,3.700301045160002,1.544373768,5.244674813160002,2.967272377128663,0.43853807832381525
9,7,5.380915868222251,5.380915868222251,3.7867997768136576,0,2.7301560244526906,3.700301045160002,1.544373768,5.244674813160002,-0.30745853734217965,0.19563418404343286
9,8,2.6507598437695603,2.6507598437695603,3.7867997768136576,0,0,3.700301045160002,1.544373768,5.244674813160002,1.8781225970923594,0.19563418404343286
9,9,3.7186000660295897,3.7186000660295897,3.7867997768136576,0,1.0678402222600294,3.700301045160002,1.544373768,5.244674813160002,1.9280232870068397,0.19563418404343286
9,10,4.304929960504209,4.304929960504209,3.7867997768136576,0,1.654170116734649,3.700301045160002,1.544373768,5.244674813160002,0.805264187972081,0.24976297767106673
9,11,3.240148323460317,3.240148323460317,3.7867997768136576,0,0.5893884796907567,3.700301045160002,1.544373768,5.244674813160002,1.8120683630251069,0.24976297767106673
9,12,3.4882094688229266,3.4882094688229266,3.7867997768136576,0,0.8374496250533662,3.700301045160002,1.544373768,5.244674813160002,2.3227502473529134,0.24976297767106673
10,1,4.401205133837461,4.401205133837461,3.3974246858136214,0,2.0751809504193957,3.488209468822927,1.5099363912000001,4.998145860022927,0.40597413431453955,0.07226090238458202
10,2,2.6917705376540857,2.6917705376540857,3.3974246858136214,0,0.3657463542360203,3.488209468822927,1.5099363912000001,4.998145860022927,1.9080672136429166,0.07226090238458202
10,3,3.62031276852398,3.62031276852398,3.3974246858136214,0,1.2942885851059147,3.488209468822927,1.5099363912000001,4.998145860022927,1.5530758312315047,0.07226090238458202
10,4,3.4358166292749663,3.4358166292749663,3.3974246858136214,0,1.109792445856901,3.488209468822927,1.5099363912000001,4.998145860022927,1.5670767273181203,0.3613457086232216
10,5,2.9853271707371754,2.9853271707371754,3.3974246858136214,0,0.6593029873191099,3.488209468822927,1.5099363912000001,4.998145860022927,2.4820565404803183,0.3613457086232216
10,6,4.138102853783927,4.138102853783927,3.3974246858136214,0,1.812078670365862,3.488209468822927,1.5099363912000001,4.998145860022927,1.0914849875490122,0.3613457086232216
10,7,3.189254162480078,3.189254162480078,3.3974246858136214,0,0.8632299790620123,3.488209468822927,1.5099363912000001,4.998145860022927,1.598610817225405,0.3848419070991889
10,8,3.466389658697592,3.466389658697592,3.3974246858136214,0,1.1403654752795267,3.488209468822927,1.5099363912000001,4.998145860022927,1.5514656544667693,0.3848419070991889
10,9,3.7318652418710334,3.7318652418710334,3.3974246858136214,0,1.4058410584529677,3.488209468822927,1.5099363912000001,4.998145860022927,0.9733693253612512,0.3848419070991889
10,10,2.882043354895198,2.882043354895198,3.3974246858136214,0,0.5560191714771323,3.488209468822927,1.5099363912000001,4.998145860022927,2.094916770207404,0.22221630639685505
10,11,3.3315252579676864,3.3315252579676864,3.3974246858136214,0,1.005501074549621,3.488209468822927,1.5099363912000001,4.998145860022927,2.31750040890858,0.22221630639685505
10,12,4.517025069972347,4.517025069972347,3.3974246858136214,0,2.191000886554282,3.488209468822927,1.5099363912000001,4.998145860022927,0.16908442360043363,0.22221630639685505
11,1,3.2903858588478183,3.2903858588478183,4.576729548946102,0,0.15695845536050115,4.517025069972347,1.4789427520799998,5.995967822052347,2.6820673248232465,0.44425506863457326
11,2,4.875965290246642,4.875965290246642,4.576729548946102,0,1.7425378867593246,4.517025069972347,1.4789427520799998,5.995967822052347,2.0238913632484126,0.44425506863457326
11,3,4.391604907805812,4.391604907805812,4.576729548946102,0,1.258177504318495,4.517025069972347,1.4789427520799998,5.995967822052347,2.3344361665552382,0.44425506863457326
11,4,5.192655251120063,5.192655251120063,4.576729548946102,0,2.0592278476327457,4.517025069972347,1.4789427520799998,5.995967822052347,1.0428802832335622,0.33997678145994026
11,5,4.1151518023209706,4.1151518023209706,4.576729548946102,0,0.9817243988336537,4.517025069972347,1.4789427520799998,5.995967822052347,1.9063312975100704,0.33997678145994026
11,6,4.829266436508606,4.829266436508606,4.576729548946102,0,1.6958390330212882,4.517025069972347,1.4789427520799998,5.995967822052347,1.3415530434113088,0.33997678145994026
11,7,4.422114019178564,4.422114019178564,4.576729548946102,0,1.288686615691247,4.517025069972347,1.4789427520799998,5.995967822052347,1.59107962397263,0.13173208613851004
11,8,4.4411000801451435,4.4411000801451435,4.576729548946102,0,1.3076726766578262,4.517025069972347,1.4789427520799998,5.995967822052347,1.8026340826007927,0.13173208613851004
11,9,4.851506964661505,4.851506964661505,4.576729548946102,0,1.7180795611741875,4.517025069972347,1.4789427520799998,5.995967822052347,1.1933747721962327,0.13173208613851004
11,10,3.8355618812539785,3.8355618812539785,4.576729548946102,0,0.7021344777666616,4.517025069972347,1.4789427520799998,5.995967822052347,2.6160056286067253,0.3154102768664766
11,11,4.243365119052603,4.243365119052603,4.576729548946102,0,1.1099377155652859,4.517025069972347,1.4789427520799998,5.995967822052347,3.2230300094199684,0.3154102768664766
11,12,6.022044056212363,6.022044056212363,4.576729548946102,0,2.888616652725046,4.517025069972347,1.4789427520799998,5.995967822052347,0.27269651591369204,0.3154102768664766
12,1,4.529361515987898,4.529361515987898,6.369620228111121,0,0.16844345012436476,6.022044056212362,1.4510484768719998,7.473092533084362,3.6056377682613783,0.35939175437817017
12,2,7.276461717410017,7.276461717410017,6.369620228111121,0,2.9155436515464825,6.022044056212362,1.4510484768719998,7.473092533084362,1.4443786177648281,0.35939175437817017
12,3,5.466268134334254,5.466268134334254,6.369620228111121,0,1.1053500684707203,6.022044056212362,1.4510484768719998,7.473092533084362,2.903506633419803,0.35939175437817017
12,4,5.912247316363183,5.912247316363183,6.369620228111121,0,1.5513292504996485,6.022044056212362,1.4510484768719998,7.473092533084362,3.4706762850169213,0.10619945922495594
12,5,5.985641316939426,5.985641316939426,6.369620228111121,0,1.624723251075892,6.022044056212362,1.4510484768719998,7.473092533084362,3.8910579354615527,0.10619945922495594
12,6,7.918952938458888,7.918952938458888,6.369620228111121,0,3.5580348725953543,6.022044056212362,1.4510484768719998,7.473092533084362,0.44481634286725935,0.10619945922495594
12,7,4.7672577292518445,4.7672577292518445,6.369620228111121,0,0.4063396633883104,6.022044056212362,1.4510484768719998,7.473092533084362,3.3019651686870537,0.16772916636029014
12,8,7.358751966734564,7.358751966734564,6.369620228111121,0,2.9978339008710306,6.022044056212362,1.4510484768719998,7.473092533084362,0.9761255195414082,0.16772916636029014
12,9,5.253720431433683,5.253720431433683,6.369620228111121,0,0.8928023655701492,6.022044056212362,1.4510484768719998,7.473092533084362,2.8603489409975253,0.16772916636029014
12,10,6.1236218179200606,6.1236218179200606,6.369620228111121,0,1.7627037520565267,6.022044056212362,1.4510484768719998,7.473092533084362,3.0047695894808877,0.08931288021104387
12,11,5.9158466961563505,5.9158466961563505,6.369620228111121,0,1.5549286302928167,6.022044056212362,1.4510484768719998,7.473092533084362,3.56474048149167,0.08931288021104387
12,12,6.714054834039868,6.714054834039868,6.369620228111121,0,2.353136768176334,6.022044056212362,1.4510484768719998,7.473092533084362,2.528295097735417,0.08931288021104387
13,1,6.771107912547144,6.771107912547144,7.270797729363051,0,1.7932046725259498,6.714054834039869,1.4259436291848,8.13999846322467,2.9709318360440484,0.18602844089219475
13,2,7.277429756709016,7.277429756709016,7.270797729363051,0,2.2995265166878216,6.714054834039869,1.4259436291848,8.13999846322467,2.4009248860289363,0.18602844089219475
13,3,7.26765824971535,7.26765824971535,7.270797729363051,0,2.2897550096941552,6.714054834039869,1.4259436291848,8.13999846322467,1.8504609500011568,0.18602844089219475
13,4,6.630883424503866,6.630883424503866,7.270797729363051,0,1.6529801844826717,6.714054834039869,1.4259436291848,8.13999846322467,2.573546664396345,0.3266816335574406
13,5,7.000324913086571,7.000324913086571,7.270797729363051,0,2.0224216730653763,6.714054834039869,1.4259436291848,8.13999846322467,2.5577494016261233,0.3266816335574406
13,6,6.388921591007925,6.388921591007925,7.270797729363051,0,1.4110183509867311,6.714054834039869,1.4259436291848,8.13999846322467,3.7647587830131926,0.3266816335574406
13,7,8.359210661579972,8.359210661579972,7.270797729363051,0,3.381307421558777,6.714054834039869,1.4259436291848,8.13999846322467,1.031190023256169,0.218543836585436
13,8,5.746214421056916,5.746214421056916,7.270797729363051,0,0.7683111810357208,6.714054834039869,1.4259436291848,8.13999846322467,3.523613744545258,0.218543836585436
13,9,7.3774870548050195,7.3774870548050195,7.270797729363051,0,2.399583814783825,6.714054834039869,1.4259436291848,8.13999846322467,2.753492198338139,0.218543836585436
13,10,6.782128161632462,6.782128161632462,7.270797729363051,0,1.8042249216112676,6.714054834039869,1.4259436291848,8.13999846322467,3.1740884384761348,0.05151359630028899
13,11,6.923037816319184,6.923037816319184,7.270797729363051,0,1.9451345762979888,6.714054834039869,1.4259436291848,8.13999846322467,3.3128653692406878,0.05151359630028899
13,12,7.858828526348022,7.858828526348022,7.270797729363051,0,2.8809252863268275,6.714054834039869,1.4259436291848,8.13999846322467,1.5800608799475637,0.05151359630028899
14,1,8.420975440690162,7.201886265039463,8.333999243958475,1.2190891756506983,1.4960691892466809,7.858828526348022,2.6224384419170184,10.48126696826504,3.3691161201751343,0.4138761683639083
14,2,9.663536820702848,8.44444764505215,8.333999243958475,1.2190891756506983,2.7386305692593687,7.858828526348022,2.6224384419170184,10.48126696826504,2.6730486003773297,0.4138761683639083
14,3,9.082558432629073,7.863469256978375,8.333999243958475,1.2190891756506983,2.1576521811855924,7.858828526348022,2.6224384419170184,10.48126696826504,3.138937856727077,0.4138761683639083
14,4,9.593585229512769,8.374496053862071,8.333999243958475,1.2190891756506983,2.6686789780692894,7.858828526348022,2.6224384419170184,10.48126696826504,2.5827735193094314,0.2593869230005321
14,5,9.464938978180484,8.245849802529786,8.333999243958475,1.2190891756506983,2.540032726737004,7.858828526348022,2.6224384419170184,10.48126696826504,2.283901684556356,0.2593869230005321
14,6,8.364032444624783,7.144943268974085,8.333999243958475,1.2190891756506983,1.4391261931813024,7.858828526348022,2.6224384419170184,10.48126696826504,4.186842916914683,0.2593869230005321
14,7,10.913339437749775,9.694250262099077,8.333999243958475,1.2190891756506983,3.9884331863062945,7.858828526348022,2.6224384419170184,10.48126696826504,0.9911701630230265,0.3666954380543745
14,8,7.465257010717632,6.2461678350669345,8.333999243958475,1.2190891756506983,0.5403507592741525,7.858828526348022,2.6224384419170184,10.48126696826504,4.691662263195655,0.3666954380543745
14,9,9.40519158462287,8.186102408972172,8.333999243958475,1.2190891756506983,2.48028533317939,7.858828526348022,2.6224384419170184,10.48126696826504,4.5122852155578075,0.3666954380543745
14,10,9.188510244913115,7.969421069262416,8.333999243958475,1.2190891756506983,2.2636039934696335,7.858828526348022,2.6224384419170184,10.48126696826504,4.766270847339473,0.13223830960167252
14,11,10.359372030061689,9.14028285441099,8.333999243958475,1.2190891756506983,3.4344657786182076,7.858828526348022,2.6224384419170184,10.48126696826504,2.678532908823989,0.13223830960167252
14,12,8.880241848632775,7.661152672982076,8.333999243958475,1.2190891756506983,1.9553355971892932,7.858828526348022,2.6224384419170184,10.48126696826504,3.5490553331663346,0.13223830960167252
15,1,7.124274384699257,7.124274384699257,8.14381447999776,0,1.5486660408726234,7.661152672982076,1.504923257204758,9.166075930186834,5.105473716747656,0.11576362299916346
15,2,7.893414804802049,7.893414804802049,8.14381447999776,0,2.3178064609754156,7.661152672982076,1.504923257204758,9.166075930186834,5.123611260123393,0.11576362299916346
15,3,9.566925142293263,9.566925142293263,8.14381447999776,0,3.991316798466629,7.661152672982076,1.504923257204758,9.166075930186834,1.7947281285167032,0.11576362299916346
15,4,6.395564309830066,6.395564309830066,8.14381447999776,0,0.8199559660034319,7.661152672982076,1.504923257204758,9.166075930186834,4.808566661836407,0.26028779740327745
15,5,9.987497038426179,9.987497038426179,8.14381447999776,0,4.411888694599545,7.661152672982076,1.504923257204758,9.166075930186834,0.6385397379638844,0.26028779740327745
15,6,6.023340790989022,6.023340790989022,8.14381447999776,0,0.4477324471623881,7.661152672982076,1.504923257204758,9.166075930186834,4.396825308965676,0.26028779740327745
15,7,9.602990449128363,9.602990449128363,8.14381447999776,0,4.02738210530173,7.661152672982076,1.504923257204758,9.166075930186834,0.9958115636887843,0.06839525454616834
15,8,6.207077901491867,6.207077901491867,8.14381447999776,0,0.6314695576652335,7.661152672982076,1.504923257204758,9.166075930186834,4.386622913684885,0.06839525454616834
15,9,8.117075656597994,8.117075656597994,8.14381447999776,0,2.5414673127713607,7.661152672982076,1.504923257204758,9.166075930186834,3.9574387534687325,0.06839525454616834
15,10,9.50158099635959,9.50158099635959,8.14381447999776,0,3.9259726525329564,7.661152672982076,1.504923257204758,9.166075930186834,0.7592439137293887,0.061500439844823604
15,11,5.969606121528927,5.969606121528927,8.14381447999776,0,0.3939977777022937,7.661152672982076,1.504923257204758,9.166075930186834,4.624998823651369,0.061500439844823604
15,12,8.641330047201288,8.641330047201288,8.14381447999776,0,3.065721703374655,7.661152672982076,1.504923257204758,9.166075930186834,3.1473058822286277,0.061500439844823604
16,1,8.444721799100515,8.444721799100515,9.4168312184498,0,1.9975510239123397,8.641330047201286,1.4744309314842818,10.115760978685568,4.316023549678685,0.20221615060293147
16,2,9.424695321973513,9.424695321973513,9.4168312184498,0,2.977524546785337,8.641330047201286,1.4744309314842818,10.115760978685568,3.524794171382748,0.20221615060293147
16,3,9.070282641010056,9.070282641010056,9.4168312184498,0,2.6231118658218815,8.641330047201286,1.4744309314842818,10.115760978685568,3.4423901550137224,0.20221615060293147
16,4,8.875038664822998,8.875038664822998,9.4168312184498,0,2.427867889634823,8.641330047201286,1.4744309314842818,10.115760978685568,3.750474091018813,0.36326146696765305
16,5,8.727777508637477,8.727777508637477,9.4168312184498,0,2.280606733449302,8.641330047201286,1.4744309314842818,10.115760978685568,4.353080339394946,0.36326146696765305
16,6,8.851234389005134,8.851234389005134,9.4168312184498,0,2.404063613816959,8.641330047201286,1.4744309314842818,10.115760978685568,4.708772827035766,0.36326146696765305
16,7,11.011034930660225,11.011034930660225,9.4168312184498,0,4.56386415547205,8.641330047201286,1.4744309314842818,10.115760978685568,0.7448642313664031,0.1750897900833334
16,8,6.8995900718552,6.8995900718552,9.4168312184498,0,0.4524192966670253,8.641330047201286,1.4744309314842818,10.115760978685568,5.00384535330709,0.1750897900833334
16,9,9.608662799675027,9.608662799675027,9.4168312184498,0,3.1614920244868516,8.641330047201286,1.4744309314842818,10.115760978685568,3.8446810196081236,0.1750897900833334
16,10,8.174362019803125,8.174362019803125,9.4168312184498,0,1.7271912446149498,8.641330047201286,1.4744309314842818,10.115760978685568,5.554118245652961,0.3727031988037037
16,11,10.159878440463057,10.159878440463057,9.4168312184498,0,3.7127076652748823,8.641330047201286,1.4744309314842818,10.115760978685568,3.292522630377934,0.3727031988037037
16,12,9.668897994947873,9.668897994947873,9.4168312184498,0,3.221727219759698,8.641330047201286,1.4744309314842818,10.115760978685568,2.012887906133275,0.3727031988037037
17,1,10.03855697376273,9.130139366929347,10.425818130451704,0.9084176068333831,1.9921724225520108,9.668897994947875,2.355405445169237,12.024303440117112,3.847325297674159,0.3493982449661922
17,2,10.911264983171936,10.002847376338552,10.425818130451704,0.9084176068333831,2.8648804319612156,9.668897994947875,2.355405445169237,12.024303440117112,3.936346670396633,0.3493982449661922
17,3,10.075224515338837,9.166806908505453,10.425818130451704,0.9084176068333831,2.0288399641281174,9.668897994947875,2.355405445169237,12.024303440117112,5.697448978785305,0.3493982449661922
17,4,12.897579418920023,11.989161812086639,10.425818130451704,0.9084176068333831,4.851194867709301,9.668897994947875,2.355405445169237,12.024303440117112,1.8138414800116065,0.13494084648632826
17,5,8.995403794491375,8.086986187657992,10.425818130451704,0.9084176068333831,0.9490192432806549,9.668897994947875,2.355405445169237,12.024303440117112,5.734585230095202,0.13494084648632826
17,6,12.838551401803374,11.93013379496999,10.425818130451704,0.9084176068333831,4.792166850592652,9.668897994947875,2.355405445169237,12.024303440117112,1.9690337655548014,0.13494084648632826
17,7,9.843489140359626,8.935071533526243,10.425818130451704,0.9084176068333831,1.7971045891489057,9.668897994947875,2.355405445169237,12.024303440117112,4.193606823901895,0.06868504537093809
17,8,11.240718549208333,10.33230094237495,10.425818130451704,0.9084176068333831,3.194333997997612,9.668897994947875,2.355405445169237,12.024303440117112,3.6237210645515754,0.06868504537093809
17,9,10.683308250379342,9.774890643545959,10.425818130451704,0.9084176068333831,2.6369236991686216,9.668897994947875,2.355405445169237,12.024303440117112,4.168655902859237,0.06868504537093809
17,10,10.27044398424459,9.362026377411206,10.425818130451704,0.9084176068333831,2.224059433033869,9.668897994947875,2.355405445169237,12.024303440117112,5.539319273436403,0.3488393326939828
17,11,11.41198161195477,10.503564005121387,10.425818130451704,0.9084176068333831,3.365597060744051,9.668897994947875,2.355405445169237,12.024303440117112,4.6269073885932075,0.3488393326939828
17,12,10.327241314680814,9.41882370784743,10.425818130451704,0.9084176068333831,2.2808567634700943,9.668897994947875,2.355405445169237,12.024303440117112,5.883976098297925,0.3488393326939828
18,1,10.850915579416647,10.850915579416647,10.21209026781802,0,3.8592759927088,9.418823707847428,1.513130815185607,10.931954523033035,3.81305891513008,0.17916111926121478
18,2,10.156268379228734,10.156268379228734,10.21209026781802,0,3.1646287925208885,9.418823707847428,1.513130815185607,10.931954523033035,3.1314361323380586,0.17916111926121478
18,3,10.114476523249124,10.114476523249124,10.21209026781802,0,3.122836936541277,9.418823707847428,1.513130815185607,10.931954523033035,2.5333970615052595,0.17916111926121478
18,4,9.216005837546867,9.216005837546867,10.21209026781802,0,2.2243662508390205,9.418823707847428,1.513130815185607,10.931954523033035,3.732299362076974,0.08874333766638053
18,5,9.785823344656933,9.785823344656933,10.21209026781802,0,2.794183757949087,9.418823707847428,1.513130815185607,10.931954523033035,3.7915666484285557,0.08874333766638053
18,6,9.01597541160813,9.01597541160813,10.21209026781802,0,2.024335824900283,9.418823707847428,1.513130815185607,10.931954523033035,5.3905298008777445,0.08874333766638053
18,7,10.734540419141963,10.734540419141963,10.21209026781802,0,3.742900832434116,9.418823707847428,1.513130815185607,10.931954523033035,3.552362938259267,0.05000996699450146
18,8,9.784519972335247,9.784519972335247,10.21209026781802,0,2.7928803856273987,9.418823707847428,1.513130815185607,10.931954523033035,3.6142369692542236,0.05000996699450146
18,9,9.294268251638172,9.294268251638172,10.21209026781802,0,2.302628664930326,9.418823707847428,1.513130815185607,10.931954523033035,4.6566144416433275,0.05000996699450146
18,10,10.26082409577435,10.26082409577435,10.21209026781802,0,3.269184509066503,9.418823707847428,1.513130815185607,10.931954523033035,3.7658802257600765,0.40960190121797496
18,11,9.522623428521197,9.522623428521197,10.21209026781802,0,2.5309838418133506,9.418823707847428,1.513130815185607,10.931954523033035,4.351547344383131,0.40960190121797496
18,12,10.884529292742327,10.884529292742327,10.21209026781802,0,3.89288970603448,9.418823707847428,1.513130815185607,10.931954523033035,2.2134027345639256,0.40960190121797496
19,1,11.074198936213357,9.260421946654628,11.55353640645586,1.8137769895587295,1.3503701955054779,10.884529292742329,3.2955947232257756,14.180124015968104,6.13062454045286,0.4255539400603866
19,2,13.272437889339752,11.458660899781023,11.55353640645586,1.8137769895587295,3.5486091486318747,10.884529292742329,3.2955947232257756,14.180124015968104,5.651368440089002,0.4255539400603866
19,3,14.50758143487376,12.693804445315031,11.55353640645586,1.8137769895587295,4.783752694165883,10.884529292742329,3.2955947232257756,14.180124015968104,2.701825248657128,0.4255539400603866
19,4,11.172561385213863,9.358784395655134,11.55353640645586,1.8137769895587295,1.4487326445059847,10.884529292742329,3.2955947232257756,14.180124015968104,6.42232215654505,0.3721377860596993
19,5,13.131676802758225,11.317899813199496,11.55353640645586,1.8137769895587295,3.4078480620503466,10.884529292742329,3.2955947232257756,14.180124015968104,6.224588229344247,0.3721377860596993
19,6,14.16797933635802,12.35420234679929,11.55353640645586,1.8137769895587295,4.44415059565014,10.884529292742329,3.2955947232257756,14.180124015968104,3.9542492349438563,0.3721377860596993
19,7,12.144809633893352,10.331032644334623,11.55353640645586,1.8137769895587295,2.420980893185475,10.884529292742329,3.2955947232257756,14.180124015968104,5.730249645472798,0.09556181862230802
19,8,13.635117196567059,11.82134020700833,11.55353640645586,1.8137769895587295,3.9112884558591796,10.884529292742329,3.2955947232257756,14.180124015968104,4.525634930654328,0.09556181862230802
19,9,14.058992840214755,12.245215850656026,11.55353640645586,1.8137769895587295,4.335164099506876,10.884529292742329,3.2955947232257756,14.180124015968104,2.473268928540466,0.09556181862230802
19,10,12.098598696994966,10.284821707436237,11.55353640645586,1.8137769895587295,2.3747699562870865,10.884529292742329,3.2955947232257756,14.180124015968104,4.341691212866182,0.17447501161687795
19,11,13.725531774449465,11.911754784890736,11.55353640645586,1.8137769895587295,4.001703033741586,10.884529292742329,3.2955947232257756,14.180124015968104,2.9562473422829,0.17447501161687795
19,12,12.03967541434243,10.2258984247837,11.55353640645586,1.8137769895587295,2.3158466736345504,10.884529292742329,3.2955947232257756,14.180124015968104,4.942516191913689,0.17447501161687795
20,1,8.381920853674487,8.381920853674487,10.24519431281912,0,4.842235763394847,10.2258984247837,1.6350136592562146,11.860912084039915,8.649767222167535,0.3733318156752334
20,2,11.753510422067647,11.753510422067647,10.24519431281912,0,8.213825331788007,10.2258984247837,1.6350136592562146,11.860912084039915,5.613839115635061,0.3733318156752334
20,3,9.031939709658966,9.031939709658966,10.24519431281912,0,5.492254619379326,10.2258984247837,1.6350136592562146,11.860912084039915,8.02105243391995,0.3733318156752334
20,4,11.157541935672654,11.157541935672654,10.24519431281912,0,7.617856845393015,10.2258984247837,1.6350136592562146,11.860912084039915,6.177061300177461,0.44064131664491335
20,5,9.495701044541587,9.495701044541587,10.24519431281912,0,5.9560159542619475,10.2258984247837,1.6350136592562146,11.860912084039915,7.6567519486971065,0.44064131664491335
20,6,10.91133657406878,10.91133657406878,10.24519431281912,0,7.371651483789139,10.2258984247837,1.6350136592562146,11.860912084039915,6.305171538162367,0.44064131664491335
20,7,9.671345670029234,9.671345670029234,10.24519431281912,0,6.131660579749594,10.2258984247837,1.6350136592562146,11.860912084039915,7.433572935706718,0.0862906745569273
20,8,10.820918807162478,10.820918807162478,10.24519431281912,0,7.281233716882838,10.2258984247837,1.6350136592562146,11.860912084039915,6.262828058984582,0.0862906745569273
20,9,9.602539501791718,9.602539501791718,10.24519431281912,0,6.062854411512077,10.2258984247837,1.6350136592562146,11.860912084039915,7.528841793003968,0.0862906745569273
20,10,10.983486209332174,10.983486209332174,10.24519431281912,0,7.443801119052534,10.2258984247837,1.6350136592562146,11.860912084039915,6.032962111942441,0.2435865557184045
20,11,9.402601683724686,9.402601683724686,10.24519431281912,0,5.862916593445046,10.2258984247837,1.6350136592562146,11.860912084039915,7.698851482095888,0.2435865557184045
20,12,11.024164806034914,11.024164806034914,10.24519431281912,0,7.484479715755273,10.2258984247837,1.6350136592562146,11.860912084039915,6.121614607628881,0.2435865557184045
21,1,9.892802058996217,9.892802058996217,11.266636530542568,0,6.000211628099081,11.024164806034914,1.591512293330593,12.615677099365508,8.62681182621393,0.12344885847784141
21,2,12.326248980011624,12.326248980011624,11.266636530542568,0,8.433658549114487,11.024164806034914,1.591512293330593,12.615677099365508,6.265115202768166,0.12344885847784141
21,3,9.895665733011748,9.895665733011748,11.266636530542568,0,6.003075302114612,11.024164806034914,1.591512293330593,12.615677099365508,8.76458507332215,0.12344885847784141
21,4,12.409063440463601,12.409063440463601,11.266636530542568,0,8.516473009566466,11.024164806034914,1.591512293330593,12.615677099365508,6.237259528972429,0.2946609873155726
21,5,9.976513272378845,9.976513272378845,11.266636530542568,0,6.08392284148171,11.024164806034914,1.591512293330593,12.615677099365508,8.57503432079222,0.2946609873155726
21,6,12.345468450416249,12.345468450416249,11.266636530542568,0,8.452878019519112,11.024164806034914,1.591512293330593,12.615677099365508,6.174898756537206,0.2946609873155726
21,7,9.937367168209764,9.937367168209764,11.266636530542568,0,6.044776737312628,11.024164806034914,1.591512293330593,12.615677099365508,8.59096575669516,0.19664959710191682
21,8,12.06111049778766,12.06111049778766,11.266636530542568,0,8.168520066890524,11.024164806034914,1.591512293330593,12.615677099365508,6.759546097697323,0.19664959710191682
21,9,10.45312072800737,10.45312072800737,11.266636530542568,0,6.560530297110233,11.024164806034914,1.591512293330593,12.615677099365508,8.144105978260066,0.19664959710191682
21,10,11.884672495520238,11.884672495520238,11.266636530542568,0,7.992082064623103,11.024164806034914,1.591512293330593,12.615677099365508,6.665562323797071,0.3354709788673159
21,11,10.49664156943714,10.49664156943714,11.266636530542568,0,6.604051138540004,11.024164806034914,1.591512293330593,12.615677099365508,7.963080521500275,0.3354709788673159
21,12,11.657791609655874,11.657791609655874,11.266636530542568,0,7.765201178758739,11.024164806034914,1.591512293330593,12.615677099365508,6.938298638766009,0.3354709788673159
22,1,11.104505592798112,10.977357594950604,12.078009552102,0.1271479978475094,6.80444012491908,11.657791609655874,1.679509061845043,13.337300671500916,8.719384610622672,0.313160396073559
22,2,12.759680622943073,12.632532625095564,12.078009552102,0.1271479978475094,8.459615155064041,11.657791609655874,1.679509061845043,13.337300671500916,7.190120522189416,0.313160396073559
22,3,11.449425594876704,11.322277597029196,12.078009552102,0.1271479978475094,7.149360126997672,11.657791609655874,1.679509061845043,13.337300671500916,8.281366489888898,0.313160396073559
22,4,12.464878046950108,12.3377300491026,12.078009552102,0.1271479978475094,8.164812579071077,11.657791609655874,1.679509061845043,13.337300671500916,7.34170755344157,0.4572209810174112
22,5,11.29622716400517,11.169079166157662,12.078009552102,0.1271479978475094,6.996161696126138,11.657791609655874,1.679509061845043,13.337300671500916,8.739350382884119,0.4572209810174112
22,6,12.681981570475976,12.554833572628468,12.078009552102,0.1271479978475094,8.381916102596943,11.657791609655874,1.679509061845043,13.337300671500916,7.365484399385058,0.4572209810174112
22,7,11.26088586144063,11.13373786359312,12.078009552102,0.1271479978475094,6.960820393561597,11.657791609655874,1.679509061845043,13.337300671500916,8.83380983395669,0.2664310702148701
22,8,13.095856231119512,12.968708233272004,12.078009552102,0.1271479978475094,8.795790763240479,11.657791609655874,1.679509061845043,13.337300671500916,6.632194529170557,0.2664310702148701
22,9,10.781086366795467,10.653938368947957,12.078009552102,0.1271479978475094,6.481020898916433,11.657791609655874,1.679509061845043,13.337300671500916,9.060118953032518,0.2664310702148701
22,10,13.355033988862356,13.227885991014848,12.078009552102,0.1271479978475094,9.054968520983323,11.657791609655874,1.679509061845043,13.337300671500916,6.340148132760697,0.45470056287857513
22,11,10.471969022835836,10.344821024988327,12.078009552102,0.1271479978475094,6.1719035549568035,11.657791609655874,1.679509061845043,13.337300671500916,9.386307244541914,0.45470056287857513
22,12,13.490314595745755,13.363166597898246,12.078009552102,0.1271479978475094,9.190249127866721,11.657791609655874,1.679509061845043,13.337300671500916,6.395775210503296,0.45470056287857513
23,1,11.824316241685304,10.917887769978392,13.835843183902012,0.9064284717069118,6.137643849350493,13.363166597898246,2.4362682290894426,15.799434826987689,11.759009452346767,0.3146579079687264
23,2,17.386357090149353,16.47992861844244,13.835843183902012,0.9064284717069118,11.699684697814538,13.363166597898246,2.4362682290894426,15.799434826987689,5.998161997262146,0.3146579079687264
23,3,11.560515583488948,10.654087111782037,13.835843183902012,0.9064284717069118,5.873843191154137,13.363166597898246,2.4362682290894426,15.799434826987689,11.88899755549833,0.3146579079687264
23,4,16.991735533132776,16.085307061425866,13.835843183902012,0.9064284717069118,11.305063140797964,13.363166597898246,2.4362682290894426,15.799434826987689,6.917393214446857,0.2493279578379252
23,5,12.445331679956704,11.538903208249792,13.835843183902012,0.9064284717069118,6.758659287621892,13.363166597898246,2.4362682290894426,15.799434826987689,11.03859657974753,0.2493279578379252
23,6,16.62810553497019,15.721677063263279,13.835843183902012,0.9064284717069118,10.941433142635379,13.363166597898246,2.4362682290894426,15.799434826987689,6.794252235021229,0.2493279578379252
23,7,12.40738197978416,11.500953508077249,13.835843183902012,0.9064284717069118,6.720709587449347,13.363166597898246,2.4362682290894426,15.799434826987689,10.99135500066699,0.18750888089273524
23,8,16.194136605877112,15.287708134170199,13.835843183902012,0.9064284717069118,10.507464213542297,13.363166597898246,2.4362682290894426,15.799434826987689,7.614948514126851,0.18750888089273524
23,9,13.145332222010735,12.238903750303823,13.835843183902012,0.9064284717069118,7.458659829675922,13.363166597898246,2.4362682290894426,15.799434826987689,10.336150795319464,0.18750888089273524
23,10,15.50844765841075,14.602019186703838,13.835843183902012,0.9064284717069118,9.821775266075937,13.363166597898246,2.4362682290894426,15.799434826987689,8.331122203712045,0.013007753415554464
23,11,13.63661709900055,12.730188627293638,13.835843183902012,0.9064284717069118,7.949944706665737,13.363166597898246,2.4362682290894426,15.799434826987689,10.069754730925027,0.013007753415554464
23,12,15.701181652790877,14.794753181083966,13.835843183902012,0.9064284717069118,10.014509260456066,13.363166597898246,2.4362682290894426,15.799434826987689,7.679258150557352,0.013007753415554464
24,1,15.554984029865114,12.60522684023045,14.938676879740976,2.949757189634663,7.44395705801057,14.794753181083966,4.5372558184496325,19.3320089995336,12.202234530921393,0.46129485191481434
24,2,19.921679132087696,16.971921942453033,14.938676879740976,2.949757189634663,11.81065216023315,14.794753181083966,4.5372558184496325,19.3320089995336,7.9918207068402705,0.46129485191481434
24,3,16.017671078834887,13.067913889200224,14.938676879740976,2.949757189634663,7.906644106980343,14.794753181083966,4.5372558184496325,19.3320089995336,11.589422989264765,0.46129485191481434
24,4,19.58345408649423,16.633696896859565,14.938676879740976,2.949757189634663,11.472427114639684,14.794753181083966,4.5372558184496325,19.3320089995336,8.055459256370577,0.34906713819931856
24,5,16.13948736841356,13.189730178778895,14.938676879740976,2.949757189634663,8.028460396559012,14.794753181083966,4.5372558184496325,19.3320089995336,11.409428959637731,0.34906713819931856
24,6,18.968645821778182,16.01888863214352,14.938676879740976,2.949757189634663,10.857618849923636,14.794753181083966,4.5372558184496325,19.3320089995336,9.105081756175638,0.34906713819931856
24,7,16.73856988732338,13.788812697688716,14.938676879740976,2.949757189634663,8.627542915468833,14.794753181083966,4.5372558184496325,19.3320089995336,11.26088642162315,0.3915044830260265
24,8,19.17750746125014,16.227750271615477,14.938676879740976,2.949757189634663,11.066480489395596,14.794753181083966,4.5372558184496325,19.3320089995336,8.538815939217137,0.3915044830260265
24,9,16.521134034601474,13.57137684496681,14.938676879740976,2.949757189634663,8.41010706274693,14.794753181083966,4.5372558184496325,19.3320089995336,11.129492310108459,0.3915044830260265
24,10,18.865417740485253,15.915660550850589,14.938676879740976,2.949757189634663,10.754390768630708,14.794753181083966,4.5372558184496325,19.3320089995336,9.031601269232223,0.21374018402787417
24,11,16.759105652444727,13.809348462810064,14.938676879740976,2.949757189634663,8.648078680590181,14.794753181083966,4.5372558184496325,19.3320089995336,11.146334404437038,0.21374018402787417
24,12,18.75110093654426,15.801343746909595,14.938676879740976,2.949757189634663,10.640073964689712,14.794753181083966,4.5372558184496325,19.3320089995336,9.277076971442792,0.21374018402787417
25,1,15.508562867184986,14.640221852781895,15.706564925947852,0.8683410144030912,9.213648965011199,15.801343746909595,2.7120654993000297,18.513409246209626,11.504541938736448,0.4623395313959483
25,2,17.717379758897025,16.849038744493935,15.706564925947852,0.8683410144030912,11.42246585672324,15.801343746909595,2.7120654993000297,18.513409246209626,9.314373122606023,0.4623395313959483
25,3,15.38384795269109,14.515506938287999,15.706564925947852,0.8683410144030912,9.088934050517302,15.801343746909595,2.7120654993000297,18.513409246209626,11.791267918887472,0.4623395313959483
25,4,18.025791406018577,17.157450391615484,15.706564925947852,0.8683410144030912,11.73087750384479,15.801343746909595,2.7120654993000297,18.513409246209626,8.98427580851395,0.18822947282931798
25,5,14.939018752244658,14.070677737841567,15.706564925947852,0.8683410144030912,8.644104850070871,15.801343746909595,2.7120654993000297,18.513409246209626,12.350829005688261,0.18822947282931798
25,6,18.529128281032044,17.66078726662895,15.706564925947852,0.8683410144030912,12.234214378858255,15.801343746909595,2.7120654993000297,18.513409246209626,8.537163145287806,0.18822947282931798
25,7,14.605353780417007,13.737012766013915,15.706564925947852,0.8683410144030912,8.310439878243221,15.801343746909595,2.7120654993000297,18.513409246209626,12.57104628611742,0.11961817355587505
25,8,18.726045448591144,17.857704434188054,15.706564925947852,0.8683410144030912,12.431131546417358,15.801343746909595,2.7120654993000297,18.513409246209626,8.363546090598758,0.11961817355587505
25,9,14.597520906192825,13.729179891789734,15.706564925947852,0.8683410144030912,8.30260700401904,15.801343746909595,2.7120654993000297,18.513409246209626,12.413094979876735,0.11961817355587505
25,10,18.402030299493298,17.533689285090208,15.706564925947852,0.8683410144030912,12.107116397319514,15.801343746909595,2.7120654993000297,18.513409246209626,8.853625082553764,0.11822251012571992
25,11,15.040742070839604,14.172401056436513,15.706564925947852,0.8683410144030912,8.745828168665817,15.801343746909595,2.7120654993000297,18.513409246209626,12.016731642538184,0.11822251012571992
25,12,17.972028534838778,17.103687520435688,15.706564925947852,0.8683410144030912,11.677114632664994,15.801343746909595,2.7120654993000297,18.513409246209626,9.317265274524253,0.11822251012571992
