1,1,14.523472740883982,14.523472740883982,10.402321127474497,0,7.241847951651833,10.000000000000002,2.0,12.000000000000002,1.3553756457065376,0.2
1,2,8.384031162972429,8.384031162972429,10.402321127474497,0,1.1024063737402812,10.000000000000002,2.0,12.000000000000002,4.989634447236179,0.2
1,3,9.263821987093282,9.263821987093282,10.402321127474497,0,1.9821971978611337,10.000000000000002,2.0,12.000000000000002,6.864311600524115,0.2
1,4,10.843318103062145,10.843318103062145,10.402321127474497,0,3.5616933138299984,10.000000000000002,2.0,12.000000000000002,5.579996521874322,0.2
1,5,12.850853574733504,12.850853574733504,10.402321127474497,0,5.569228785501356,10.000000000000002,2.0,12.000000000000002,0.28061049988181264,0.2
1,6,7.39098253495934,7.39098253495934,10.402321127474497,0,0.10935774572719237,10.000000000000002,2.0,12.000000000000002,5.9009665574376315,0.2
1,7,9.791277389020202,9.791277389020202,10.402321127474497,0,2.5096525997880548,10.000000000000002,2.0,12.000000000000002,6.720732906871726,0.2
1,8,12.839992155210865,12.839992155210865,10.402321127474497,0,5.558367365978716,10.000000000000002,2.0,12.000000000000002,1.4430697239244958,0.2
1,9,8.383426359814349,8.383426359814349,10.402321127474497,0,1.1018015705822017,10.000000000000002,2.0,12.000000000000002,5.078538131770296,0.2
1,10,11.59339046801198,11.59339046801198,10.402321127474497,0,4.311765678779833,10.000000000000002,2.0,12.000000000000002,2.294078323220834,0.2
1,11,8.125446619531358,8.125446619531358,10.402321127474497,0,0.8438218302992105,10.000000000000002,2.0,12.000000000000002,6.445506211632616,0.2
1,12,9.479541760022702,9.479541760022702,10.402321127474497,0,2.197916970790554,10.000000000000002,2.0,12.000000000000002,7.888743819061712,0.2
2,1,14.621939399895371,14.621939399895371,9.915499229562082,0,7.6810899392019145,9.479541760022702,1.92,11.399541760022702,-1.9600939911442472,0.2
2,2,6.940849460693457,6.940849460693457,9.915499229562082,0,0,9.479541760022702,1.92,11.399541760022702,3.553248077053623,0.2
2,3,8.222296304064685,8.222296304064685,9.915499229562082,0,1.281446843371228,9.479541760022702,1.92,11.399541760022702,6.5036964585090375,0.2
2,4,11.639803594706612,11.639803594706612,9.915499229562082,0,4.698954134013155,9.479541760022702,1.92,11.399541760022702,2.619130258680598,0.21003431555836002
2,5,7.906615219446806,7.906615219446806,9.915499229562082,0,0.9657657587533496,9.479541760022702,1.92,11.399541760022702,6.200940809371769,0.21003431555836002
2,6,12.170067402185868,12.170067402185868,9.915499229562082,0,5.2292179414924105,9.479541760022702,1.92,11.399541760022702,1.2558469945848172,0.21003431555836002
2,7,8.144989137015124,8.144989137015124,9.915499229562082,0,1.204139676321667,9.479541760022702,1.92,11.399541760022702,4.360909710139354,0.3069601093898374
2,8,8.560159291558348,8.560159291558348,9.915499229562082,0,1.619309830864891,9.479541760022702,1.92,11.399541760022702,6.635632116607442,0.3069601093898374
2,9,10.940735173164498,10.940735173164498,9.915499229562082,0,3.999885712471042,9.479541760022702,1.92,11.399541760022702,4.149202759863229,0.3069601093898374
2,10,8.207869976467546,8.207869976467546,9.915499229562082,0,1.2670205157740881,9.479541760022702,1.92,11.399541760022702,7.1285037965129225,0.44180952208809593
2,11,12.072329394048449,12.072329394048449,9.915499229562082,0,5.131479933354991,9.479541760022702,1.92,11.399541760022702,2.3788859980008095,0.44180952208809593
2,12,7.915962500684172,7.915962500684172,9.915499229562082,0,0.9751130399907151,9.479541760022702,1.92,11.399541760022702,5.9420019862172495,0.44180952208809593
3,1,10.265656054821129,10.265656054821129,8.212789192856217,0,4.516703619821778,7.915962500684171,1.848,9.76396250068417,1.5394415701153799,0.18062451970164364
3,2,6.470494583728268,6.470494583728268,8.212789192856217,0,0.7215421487289162,7.915962500684171,1.848,9.76396250068417,4.727204096199232,0.18062451970164364
3,3,7.442672427650021,7.442672427650021,8.212789192856217,0,1.6937199926506696,7.915962500684171,1.848,9.76396250068417,5.970610934439578,0.18062451970164364
3,4,7.618775706795084,7.618775706795084,8.212789192856217,0,1.869823271795733,7.915962500684171,1.848,9.76396250068417,6.861811214389798,0.16818387345798175
3,5,8.60382801472746,8.60382801472746,8.212789192856217,0,2.854875579728109,7.915962500684171,1.848,9.76396250068417,5.7829068784752655,0.16818387345798175
3,6,11.523785150963311,11.523785150963311,8.212789192856217,0,5.77483271596396,7.915962500684171,1.848,9.76396250068417,-1.1359117299109691,0.16818387345798175
3,7,5.748952434999351,5.748952434999351,8.212789192856217,0,0,7.915962500684171,1.848,9.76396250068417,3.4949350936307164,0.28521025087919133
3,8,8.378343846726544,8.378343846726544,8.212789192856217,0,2.629391411727193,7.915962500684171,1.848,9.76396250068417,2.8669990937180163,0.28521025087919133
3,9,8.362520121694342,8.362520121694342,8.212789192856217,0,2.6135676866949895,7.915962500684171,1.848,9.76396250068417,2.270710543869722,0.28521025087919133
3,10,6.440077916903437,6.440077916903437,8.212789192856217,0,0.691125481904086,7.915962500684171,1.848,9.76396250068417,5.5193064036032355,0.10650812322663393
3,11,8.413659716586892,8.413659716586892,8.212789192856217,0,2.66470728158754,7.915962500684171,1.848,9.76396250068417,4.82073866396984,0.10650812322663393
3,12,7.228656315952321,7.228656315952321,8.212789192856217,0,1.4797038809529703,7.915962500684171,1.848,9.76396250068417,6.492177725605586,0.10650812322663393
4,1,8.491482276255855,8.491482276255855,7.511200376375669,0,3.2336420127928873,7.228656315952321,1.7832000000000001,9.011856315952322,4.249069865421866,0.16768072029099132
4,2,8.245055272897513,8.245055272897513,7.511200376375669,0,2.9872150094345447,7.228656315952321,1.7832000000000001,9.011856315952322,2.4988160119548306,0.16768072029099132
4,3,6.1694164245619865,6.1694164245619865,7.511200376375669,0,0.9115761610990191,7.228656315952321,1.7832000000000001,9.011856315952322,4.899839855158847,0.16768072029099132
4,4,8.745509600138828,8.745509600138828,7.511200376375669,0,3.487669336675859,7.228656315952321,1.7832000000000001,9.011856315952322,2.1486773472091825,0.4621466273601452
4,5,5.982372229326695,5.982372229326695,7.511200376375669,0,0.7245319658637274,7.228656315952321,1.7832000000000001,9.011856315952322,4.923789580883782,0.4621466273601452
4,6,9.223409392214785,9.223409392214785,7.511200376375669,0,3.9655691287518176,7.228656315952321,1.7832000000000001,9.011856315952322,1.2168274887822017,0.4621466273601452
4,7,6.061973959439883,6.061973959439883,7.511200376375669,0,0.8041336959769154,7.228656315952321,1.7832000000000001,9.011856315952322,3.8327362622304255,0.30186969529125024
4,8,6.592816541581963,6.592816541581963,7.511200376375669,0,1.3349762781189956,7.228656315952321,1.7832000000000001,9.011856315952322,5.386959871394489,0.30186969529125024
4,9,9.738813595592006,9.738813595592006,7.511200376375669,0,4.480973332129038,7.228656315952321,1.7832000000000001,9.011856315952322,0.6491893725384674,0.30186969529125024
4,10,5.747337342575907,5.747337342575907,7.511200376375669,0,0.48949707911293977,7.228656315952321,1.7832000000000001,9.011856315952322,3.894371379714643,0.21211305169205344
4,11,8.113764586998883,8.113764586998883,7.511200376375669,0,2.8559243235359144,7.228656315952321,1.7832000000000001,9.011856315952322,2.406698898044868,0.21211305169205344
4,12,6.200070968692014,6.200070968692014,7.511200376375669,0,0.9422307052290466,7.228656315952321,1.7832000000000001,9.011856315952322,4.74641365298883,0.21211305169205344
5,1,6.93149024371493,6.93149024371493,6.4089239933157724,0,2.4452434483938896,6.200070968692014,1.7248800000000004,7.9249509686920145,3.4924281275667557,0.07276812830449153
5,2,7.598532875843175,7.598532875843175,6.4089239933157724,0,3.112286080522135,6.200070968692014,1.7248800000000004,7.9249509686920145,0.9043573378881913,0.07276812830449153
5,3,5.352586416764965,5.352586416764965,6.4089239933157724,0,0.8663396214439245,6.200070968692014,1.7248800000000004,7.9249509686920145,2.808179466366047,0.07276812830449153
5,4,6.941354292167399,6.941354292167399,6.4089239933157724,0,2.4551074968463587,6.200070968692014,1.7248800000000004,7.9249509686920145,1.534465844039035,0.2990384310991192
5,5,5.970932872588395,5.970932872588395,6.4089239933157724,0,1.484686077267354,6.200070968692014,1.7248800000000004,7.9249509686920145,2.201595060870032,0.2990384310991192
5,6,5.780481311616198,5.780481311616198,6.4089239933157724,0,1.2942345162951567,6.200070968692014,1.7248800000000004,7.9249509686920145,3.2496273996454232,0.2990384310991192
5,7,6.507868698051021,6.507868698051021,6.4089239933157724,0,2.02162190272998,6.200070968692014,1.7248800000000004,7.9249509686920145,2.842884965551168,0.24366707899458542
5,8,6.008246364525896,6.008246364525896,6.4089239933157724,0,1.5219995692048556,6.200070968692014,1.7248800000000004,7.9249509686920145,3.4353871985071622,0.24366707899458542
5,9,6.923016736514664,6.923016736514664,6.4089239933157724,0,2.4367699411936234,6.200070968692014,1.7248800000000004,7.9249509686920145,2.1983486874856206,0.24366707899458542
5,10,5.760097530127253,5.760097530127253,6.4089239933157724,0,1.2738507348062127,6.200070968692014,1.7248800000000004,7.9249509686920145,3.2871485892389005,0.1806122245199979
5,11,7.264987773877115,7.264987773877115,6.4089239933157724,0,2.7787409785560744,6.200070968692014,1.7248800000000004,7.9249509686920145,1.366168003492457,0.1806122245199979
5,12,5.731495029863067,5.731495029863067,6.4089239933157724,0,1.245248234542027,6.200070968692014,1.7248800000000004,7.9249509686920145,2.5121729057741087,0.1806122245199979
6,1,6.659509620216388,6.659509620216388,5.941748590060441,0,2.5002856071740798,5.731495029863067,1.672392,7.403887029863068,0.8663972852648403,0.46903773073012706
6,2,4.591404074224745,4.591404074224745,5.941748590060441,0,0.432180061182437,5.731495029863067,1.672392,7.403887029863068,3.3568327567388576,0.46903773073012706
6,3,6.616482848056399,6.616482848056399,5.941748590060441,0,2.4572588350140903,5.731495029863067,1.672392,7.403887029863068,1.7971106805495682,0.46903773073012706
6,4,4.719915802249349,4.719915802249349,5.941748590060441,0,0.5606917892070407,5.731495029863067,1.672392,7.403887029863068,4.030522695974378,0.17450698867032363
6,5,7.0511857100682045,7.0511857100682045,5.941748590060441,0,2.891961697025896,5.731495029863067,1.672392,7.403887029863068,1.6013948957614774,0.17450698867032363
6,6,5.601119170635615,5.601119170635615,5.941748590060441,0,1.441895157593306,5.731495029863067,1.672392,7.403887029863068,2.0724001744137563,0.17450698867032363
6,7,4.884225696803981,4.884225696803981,5.941748590060441,0,0.7250016837616728,5.731495029863067,1.672392,7.403887029863068,3.977192400729302,0.015030843297010158
6,8,5.928848454497168,5.928848454497168,5.941748590060441,0,1.7696244414548599,5.731495029863067,1.672392,7.403887029863068,3.7927391116584737,0.015030843297010158
6,9,7.596461712664609,7.596461712664609,5.941748590060441,0,3.4372376996223,5.731495029863067,1.672392,7.403887029863068,0.2730593062527644,0.015030843297010158
6,10,4.332026017949062,4.332026017949062,5.941748590060441,0,0.1728020049067531,5.731495029863067,1.672392,7.403887029863068,3.2822508902781493,0.4665715044179384
6,11,5.817231711775342,5.817231711775342,5.941748590060441,0,1.6580076987330337,5.731495029863067,1.672392,7.403887029863068,3.321031086650973,0.4665715044179384
6,12,5.5503223576587875,5.5503223576587875,5.941748590060441,0,1.391098344616479,5.731495029863067,1.672392,7.403887029863068,3.8936299912569066,0.4665715044179384
7,1,7.6272267792226085,7.6272267792226085,5.799810130287307,0,3.5673596880214933,5.5503223576587875,1.6251528000000002,7.175475157658788,-0.010691079242215462,0.1713174077741283
7,2,4.059867091201115,4.059867091201115,5.799810130287307,0,0,5.5503223576587875,1.6251528000000002,7.175475157658788,3.2197072263016495,0.1713174077741283
7,3,7.18556674080881,7.18556674080881,5.799810130287307,0,3.1256996496076956,5.5503223576587875,1.6251528000000002,7.175475157658788,0.19870623263012321,0.1713174077741283
7,4,4.21996442485467,4.21996442485467,5.799810130287307,0,0.16009733365355489,5.5503223576587875,1.6251528000000002,7.175475157658788,3.1089098708668783,0.49353993326772105
7,5,5.650159014570465,5.650159014570465,5.799810130287307,0,1.5902919233693504,5.5503223576587875,1.6251528000000002,7.175475157658788,3.1587243296720424,0.49353993326772105
7,6,7.045420080238733,7.045420080238733,5.799810130287307,0,2.9855529890376187,5.5503223576587875,1.6251528000000002,7.175475157658788,0.4180166571406705,0.49353993326772105
7,7,4.209028010715333,4.209028010715333,5.799810130287307,0,0.14916091951421748,5.5503223576587875,1.6251528000000002,7.175475157658788,3.3500931236561002,0.017780341157000144
7,8,5.40496095152862,5.40496095152862,5.799810130287307,0,1.345093860327505,5.5503223576587875,1.6251528000000002,7.175475157658788,3.8903037085449546,0.017780341157000144
7,9,6.61405961936407,6.61405961936407,5.799810130287307,0,2.5541925281629556,5.5503223576587875,1.6251528000000002,7.175475157658788,2.0123169577629083,0.017780341157000144
7,10,5.384729824739198,5.384729824739198,5.799810130287307,0,1.3248627335380831,5.5503223576587875,1.6251528000000002,7.175475157658788,2.592989796230607,0.19826678917246524
7,11,6.154558401368327,6.154558401368327,5.799810130287307,0,2.0946913101672116,5.5503223576587875,1.6251528000000002,7.175475157658788,1.6340054814400484,0.19826678917246524
7,12,4.7294564585623355,4.7294564585623355,5.799810130287307,0,0.6695893673612203,5.5503223576587875,1.6251528000000002,7.175475157658788,3.5252250522614723,0.19826678917246524
8,1,5.269245610010076,5.269245610010076,4.913157002058263,0,1.8300357085692924,4.729456458562335,1.5826375200000002,6.312093978562335,2.629347292861918,0.33904516054800155
8,2,4.930520635115531,4.930520635115531,4.913157002058263,0,1.4913107336747475,4.729456458562335,1.5826375200000002,6.312093978562335,2.410919483251453,0.33904516054800155
8,3,5.785596703769446,5.785596703769446,4.913157002058263,0,2.346386802328662,4.729456458562335,1.5826375200000002,6.312093978562335,0.4823395363331584,0.33904516054800155
8,4,3.8238239799486227,3.8238239799486227,4.913157002058263,0,0.384614078507839,4.729456458562335,1.5826375200000002,6.312093978562335,2.4773050370565106,0.1458614833489037
8,5,5.440283656728889,5.440283656728889,4.913157002058263,0,2.0010737552881057,4.729456458562335,1.5826375200000002,6.312093978562335,1.2393511842193297,0.1458614833489037
8,6,4.0104287337852424,4.0104287337852424,4.913157002058263,0,0.571218832344459,4.729456458562335,1.5826375200000002,6.312093978562335,2.861107177269442,0.1458614833489037
8,7,5.939816010405945,5.939816010405945,4.913157002058263,0,2.500606108965161,4.729456458562335,1.5826375200000002,6.312093978562335,0.6240886170781499,0.12728352266711826
8,8,4.030707566481574,4.030707566481574,4.913157002058263,0,0.5914976650407902,4.729456458562335,1.5826375200000002,6.312093978562335,2.205286944735599,0.12728352266711826
8,9,5.403230607233345,5.403230607233345,4.913157002058263,0,1.9640207057925614,4.729456458562335,1.5826375200000002,6.312093978562335,1.0414391908895064,0.12728352266711826
8,10,3.974592339502973,3.974592339502973,4.913157002058263,0,0.5353824380621894,4.729456458562335,1.5826375200000002,6.312093978562335,2.7348679725041576,0.17744808226780456
8,11,5.934832182788851,5.934832182788851,4.913157002058263,0,2.4956222813480666,4.729456458562335,1.5826375200000002,6.312093978562335,0.5078170675470539,0.17744808226780456
8,12,3.7003010451600016,3.7003010451600016,4.913157002058263,0,0.26109114371921766,4.729456458562335,1.5826375200000002,6.312093978562335,2.7498284378476483,0.17744808226780456
9,1,4.207696144126565,4.207696144126565,3.7867997768136576,0,1.5569363003570045,3.700301045160002,1.544373768,5.244674813160002,1.821536971568178,0.0992616851344969
9,2,3.7616529407199826,3.7616529407199826,3.7867997768136576,0,1.1108930969504223,3.700301045160002,1.544373768,5.244674813160002,1.7853319121018725,0.0992616851344969
9,3,4.099418379738267,4.099418379738267,3.7867997768136576,0,1.4486585359687063,3.700301045160002,1.544373768,5.244674813160002,1.073595974598999,0.0992616851344969
9,4,3.036439298840598,3.036439298840598,3.7867997768136576,0,0.385679455071038,3.700301045160002,1.544373768,5.244674813160002,2.4878181988914623,0.24982956077945617
9,5,3.9234110540610523,3.9234110540610523,3.7867997768136576,0,1.2726512102914918,3.700301045160002,1.544373768,5.244674813160002,2.1280969127430174,0.24982956077945617
9,6,3.323962678794007,3.323962678794007,3.7867997768136576,0,0.6732028350244467,3.700301045160002,1.544373768,5.244674813160002,2.967272377128663,0.24982956077945617
9,7,5.380915868222251,5.380915868222251,3.7867997768136576,0,2.7301560244526906,3.700301045160002,1.544373768,5.244674813160002,-0.30745853734217965,0.4829189609024195
9,8,2.6507598437695603,2.6507598437695603,3.7867997768136576,0,0,3.700301045160002,1.544373768,5.244674813160002,1.8781225970923594,0.4829189609024195
9,9,3.7186000660295897,3.7186000660295897,3.7867997768136576,0,1.0678402222600294,3.700301045160002,1.544373768,5.244674813160002,1.9280232870068397,0.4829189609024195
9,10,4.304929960504209,4.304929960504209,3.7867997768136576,0,1.654170116734649,3.700301045160002,1.544373768,5.244674813160002,0.805264187972081,0.1612905906591216
9,11,3.240148323460317,3.240148323460317,3.7867997768136576,0,0.5893884796907567,3.700301045160002,1.544373768,5.244674813160002,1.8120683630251069,0.1612905906591216
9,12,3.4882094688229266,3.4882094688229266,3.7867997768136576,0,0.8374496250533662,3.700301045160002,1.544373768,5.244674813160002,2.3227502473529134,0.1612905906591216
10,1,4.401205133837461,4.401205133837461,3.3974246858136214,0,2.0751809504193957,3.488209468822927,1.5099363912000001,4.998145860022927,0.40597413431453955,0.3705688068297851
10,2,2.6917705376540857,2.6917705376540857,3.3974246858136214,0,0.3657463542360203,3.488209468822927,1.5099363912000001,4.998145860022927,1.9080672136429166,0.3705688068297851
10,3,3.62031276852398,3.62031276852398,3.3974246858136214,0,1.2942885851059147,3.488209468822927,1.5099363912000001,4.998145860022927,1.5530758312315047,0.3705688068297851
10,4,3.4358166292749663,3.4358166292749663,3.3974246858136214,0,1.109792445856901,3.488209468822927,1.5099363912000001,4.998145860022927,1.5670767273181203,0.49031223535329627
10,5,2.9853271707371754,2.9853271707371754,3.3974246858136214,0,0.6593029873191099,3.488209468822927,1.5099363912000001,4.998145860022927,2.4820565404803183,0.49031223535329627
10,6,4.138102853783927,4.138102853783927,3.3974246858136214,0,1.812078670365862,3.488209468822927,1.5099363912000001,4.998145860022927,1.0914849875490122,0.49031223535329627
10,7,3.189254162480078,3.189254162480078,3.3974246858136214,0,0.8632299790620123,3.488209468822927,1.5099363912000001,4.998145860022927,1.598610817225405,0.06779881711274854
10,8,3.466389658697592,3.466389658697592,3.3974246858136214,0,1.1403654752795267,3.488209468822927,1.5099363912000001,4.998145860022927,1.5514656544667693,0.06779881711274854
10,9,3.7318652418710334,3.7318652418710334,3.3974246858136214,0,1.4058410584529677,3.488209468822927,1.5099363912000001,4.998145860022927,0.9733693253612512,0.06779881711274854
10,10,2.882043354895198,2.882043354895198,3.3974246858136214,0,0.5560191714771323,3.488209468822927,1.5099363912000001,4.998145860022927,2.094916770207404,0.15916089561371255
10,11,3.3315252579676864,3.3315252579676864,3.3974246858136214,0,1.005501074549621,3.488209468822927,1.5099363912000001,4.998145860022927,2.31750040890858,0.15916089561371255
10,12,4.517025069972347,4.517025069972347,3.3974246858136214,0,2.191000886554282,3.488209468822927,1.5099363912000001,4.998145860022927,0.16908442360043363,0.15916089561371255
11,1,3.2903858588478183,3.2903858588478183,4.576729548946102,0,0.15695845536050115,4.517025069972347,1.4789427520799998,5.995967822052347,2.6820673248232465,0.15229318245832693
11,2,4.875965290246642,4.875965290246642,4.576729548946102,0,1.7425378867593246,4.517025069972347,1.4789427520799998,5.995967822052347,2.0238913632484126,0.15229318245832693
11,3,4.391604907805812,4.391604907805812,4.576729548946102,0,1.258177504318495,4.517025069972347,1.4789427520799998,5.995967822052347,2.3344361665552382,0.15229318245832693
11,4,5.192655251120063,5.192655251120063,4.576729548946102,0,2.0592278476327457,4.517025069972347,1.4789427520799998,5.995967822052347,1.0428802832335622,0.4104767982384051
11,5,4.1151518023209706,4.1151518023209706,4.576729548946102,0,0.9817243988336537,4.517025069972347,1.4789427520799998,5.995967822052347,1.9063312975100704,0.4104767982384051
11,6,4.829266436508606,4.829266436508606,4.576729548946102,0,1.6958390330212882,4.517025069972347,1.4789427520799998,5.995967822052347,1.3415530434113088,0.4104767982384051
11,7,4.422114019178564,4.422114019178564,4.576729548946102,0,1.288686615691247,4.517025069972347,1.4789427520799998,5.995967822052347,1.59107962397263,0.2803775131586083
11,8,4.4411000801451435,4.4411000801451435,4.576729548946102,0,1.3076726766578262,4.517025069972347,1.4789427520799998,5.995967822052347,1.8026340826007927,0.2803775131586083
11,9,4.851506964661505,4.851506964661505,4.576729548946102,0,1.7180795611741875,4.517025069972347,1.4789427520799998,5.995967822052347,1.1933747721962327,0.2803775131586083
11,10,3.8355618812539785,3.8355618812539785,4.576729548946102,0,0.7021344777666616,4.517025069972347,1.4789427520799998,5.995967822052347,2.6160056286067253,0.1302172555638176
11,11,4.243365119052603,4.243365119052603,4.576729548946102,0,1.1099377155652859,4.517025069972347,1.4789427520799998,5.995967822052347,3.2230300094199684,0.1302172555638176
11,12,6.022044056212363,6.022044056212363,4.576729548946102,0,2.888616652725046,4.517025069972347,1.4789427520799998,5.995967822052347,0.27269651591369204,0.1302172555638176
12,1,4.529361515987898,4.529361515987898,6.369620228111121,0,0.16844345012436476,6.022044056212362,1.4510484768719998,7.473092533084362,3.6056377682613783,0.041584791555034584
12,2,7.276461717410017,7.276461717410017,6.369620228111121,0,2.9155436515464825,6.022044056212362,1.4510484768719998,7.473092533084362,1.4443786177648281,0.041584791555034584
12,3,5.466268134334254,5.466268134334254,6.369620228111121,0,1.1053500684707203,6.022044056212362,1.4510484768719998,7.473092533084362,2.903506633419803,0.041584791555034584
12,4,5.912247316363183,5.912247316363183,6.369620228111121,0,1.5513292504996485,6.022044056212362,1.4510484768719998,7.473092533084362,3.4706762850169213,0.2591400332926659
12,5,5.985641316939426,5.985641316939426,6.369620228111121,0,1.624723251075892,6.022044056212362,1.4510484768719998,7.473092533084362,3.8910579354615527,0.2591400332926659
12,6,7.918952938458888,7.918952938458888,6.369620228111121,0,3.5580348725953543,6.022044056212362,1.4510484768719998,7.473092533084362,0.44481634286725935,0.2591400332926659
12,7,4.7672577292518445,4.7672577292518445,6.369620228111121,0,0.4063396633883104,6.022044056212362,1.4510484768719998,7.473092533084362,3.3019651686870537,0.26434540883778523
12,8,7.358751966734564,7.358751966734564,6.369620228111121,0,2.9978339008710306,6.022044056212362,1.4510484768719998,7.473092533084362,0.9761255195414082,0.26434540883778523
12,9,5.253720431433683,5.253720431433683,6.369620228111121,0,0.8928023655701492,6.022044056212362,1.4510484768719998,7.473092533084362,2.8603489409975253,0.26434540883778523
12,10,6.1236218179200606,6.1236218179200606,6.369620228111121,0,1.7627037520565267,6.022044056212362,1.4510484768719998,7.473092533084362,3.0047695894808877,0.044002628216357996
12,11,5.9158466961563505,5.9158466961563505,6.369620228111121,0,1.5549286302928167,6.022044056212362,1.4510484768719998,7.473092533084362,3.56474048149167,0.044002628216357996
12,12,6.714054834039868,6.714054834039868,6.369620228111121,0,2.353136768176334,6.022044056212362,1.4510484768719998,7.473092533084362,2.528295097735417,0.044002628216357996
13,1,6.771107912547144,6.771107912547144,7.270797729363051,0,1.7932046725259498,6.714054834039869,1.4259436291848,8.13999846322467,2.9709318360440484,0.03071584858677158
13,2,7.277429756709016,7.277429756709016,7.270797729363051,0,2.2995265166878216,6.714054834039869,1.4259436291848,8.13999846322467,2.4009248860289363,0.03071584858677158
13,3,7.26765824971535,7.26765824971535,7.270797729363051,0,2.2897550096941552,6.714054834039869,1.4259436291848,8.13999846322467,1.8504609500011568,0.03071584858677158
13,4,6.630883424503866,6.630883424503866,7.270797729363051,0,1.6529801844826717,6.714054834039869,1.4259436291848,8.13999846322467,2.573546664396345,0.0918339888019501
13,5,7.000324913086571,7.000324913086571,7.270797729363051,0,2.0224216730653763,6.714054834039869,1.4259436291848,8.13999846322467,2.5577494016261233,0.0918339888019501
13,6,6.388921591007925,6.388921591007925,7.270797729363051,0,1.4110183509867311,6.714054834039869,1.4259436291848,8.13999846322467,3.7647587830131926,0.0918339888019501
13,7,8.359210661579972,8.359210661579972,7.270797729363051,0,3.381307421558777,6.714054834039869,1.4259436291848,8.13999846322467,1.031190023256169,0.2911832888152478
13,8,5.746214421056916,5.746214421056916,7.270797729363051,0,0.7683111810357208,6.714054834039869,1.4259436291848,8.13999846322467,3.523613744545258,0.2911832888152478
13,9,7.3774870548050195,7.3774870548050195,7.270797729363051,0,2.399583814783825,6.714054834039869,1.4259436291848,8.13999846322467,2.753492198338139,0.2911832888152478
13,10,6.782128161632462,6.782128161632462,7.270797729363051,0,1.8042249216112676,6.714054834039869,1.4259436291848,8.13999846322467,3.1740884384761348,0.19590128509192684
13,11,6.923037816319184,6.923037816319184,7.270797729363051,0,1.9451345762979888,6.714054834039869,1.4259436291848,8.13999846322467,3.3128653692406878,0.19590128509192684
13,12,7.858828526348022,7.858828526348022,7.270797729363051,0,2.8809252863268275,6.714054834039869,1.4259436291848,8.13999846322467,1.5800608799475637,0.19590128509192684
14,1,7.493888103428535,7.493888103428535,8.760501367675943,0,1.4960691892466809,7.858828526348022,1.4033492662663198,9.262177792614342,3.211614567114458,0.19242834572000914
14,2,8.608422264273909,8.608422264273909,8.760501367675943,0,2.6106033500920542,7.858828526348022,1.4033492662663198,9.262177792614342,2.6140999325906056,0.19242834572000914
14,3,8.107888450738368,8.107888450738368,8.760501367675943,0,2.1100695365565136,7.858828526348022,1.4033492662663198,9.262177792614342,3.017652925137834,0.19242834572000914
14,4,8.563383220326331,8.563383220326331,8.760501367675943,0,2.5655643061444775,7.858828526348022,1.4033492662663198,9.262177792614342,2.5102163785091354,0.25809575251188926
14,5,8.466495205360973,8.466495205360973,8.760501367675943,0,2.4686762911791185,7.858828526348022,1.4033492662663198,9.262177792614342,2.1965558618111545,0.25809575251188926
14,6,7.381906984563222,7.381906984563222,8.760501367675943,0,1.3840880703813676,7.858828526348022,1.4033492662663198,9.262177792614342,4.052071786708675,0.25809575251188926
14,7,9.857867621075734,9.857867621075734,8.760501367675943,0,3.8600487068938794,7.858828526348022,1.4033492662663198,9.262177792614342,0.9556664385811722,0.20224732807392115
14,8,6.518814304242001,6.518814304242001,8.760501367675943,0,0.5209953900601474,7.858828526348022,1.4033492662663198,9.262177792614342,4.537367724121134,0.20224732807392115
14,9,8.396535187018111,8.396535187018111,8.760501367675943,0,2.398716272836257,7.858828526348022,1.4033492662663198,9.262177792614342,4.363627244108876,0.20224732807392115
14,10,8.18684810536003,8.18684810536003,8.760501367675943,0,2.189029191178175,7.858828526348022,1.4033492662663198,9.262177792614342,4.609260927412782,0.427690997852183
14,11,9.319146934967266,9.319146934967266,8.760501367675943,0,3.321328020785412,7.858828526348022,1.4033492662663198,9.262177792614342,2.5902969515022143,0.427690997852183
14,12,7.888742045974524,7.888742045974524,8.760501367675943,0,1.89092313179267,7.858828526348022,1.4033492662663198,9.262177792614342,3.4321427535771303,0.427690997852183
15,1,7.591419969959833,7.591419969959833,8.90064878602958,0,1.4976500592200959,7.888742045974524,1.383014339639688,9.271756385614212,5.038693645661569,0.05542951043860917
15,2,8.38125924762146,8.38125924762146,8.90064878602958,0,2.287489336881722,7.888742045974524,1.383014339639688,9.271756385614212,5.065565982422754,0.05542951043860917
15,3,10.039869170209732,10.039869170209732,8.90064878602958,0,3.9460992594699955,7.888742045974524,1.383014339639688,9.271756385614212,1.7752184740073935,0.05542951043860917
15,4,6.904812516911451,6.904812516911451,8.90064878602958,0,0.8110426061717144,7.888742045974524,1.383014339639688,9.271756385614212,4.7549842721885955,0.4999547884450604
15,5,10.456496442112346,10.456496442112346,8.90064878602958,0,4.362726531372609,7.888742045974524,1.383014339639688,9.271756385614212,0.6313822199680068,0.4999547884450604
15,6,6.536483636501759,6.536483636501759,8.90064878602958,0,0.4427137257620226,7.888742045974524,1.383014339639688,9.271756385614212,4.347805778968592,0.4999547884450604
15,7,10.076251351573859,10.076251351573859,8.90064878602958,0,3.982481440834121,7.888742045974524,1.383014339639688,9.271756385614212,0.9846939078249788,0.3621250556925736
15,8,6.71818947874168,6.71818947874168,8.90064878602958,0,0.6244195680019425,7.888742045974524,1.383014339639688,9.271756385614212,4.337705782345724,0.3621250556925736
15,9,8.60689622115478,8.60689622115478,8.90064878602958,0,2.5131263104150428,7.888742045974524,1.383014339639688,9.271756385614212,3.9133041720402675,0.3621250556925736
15,10,9.97595890153762,9.97595890153762,8.90064878602958,0,3.882188990797884,7.888742045974524,1.383014339639688,9.271756385614212,0.7507772009691305,0.10561542799960796
15,11,6.4833740200152405,6.4833740200152405,8.90064878602958,0,0.3896041092755036,7.888742045974524,1.383014339639688,9.271756385614212,4.573419992942753,0.10561542799960796
15,12,9.125302126339939,9.125302126339939,8.90064878602958,0,3.031532215600201,7.888742045974524,1.383014339639688,9.271756385614212,3.11220657226698,0.10561542799960796
16,1,10.978500293449546,8.632401148279943,9.723496569751534,2.3460991451696023,1.9752739827933308,9.12530212633994,3.710812050845322,12.836114177185262,4.69620297179857,0.43759956072034584
16,2,12.243027823383706,9.896928678214104,9.723496569751534,2.3460991451696023,3.2398015127274933,9.12530212633994,3.710812050845322,12.836114177185262,3.751144311461836,0.43759956072034584
16,3,11.794785384854798,9.448686239685196,9.723496569751534,2.3460991451696023,2.7915590741985854,9.12530212633994,3.710812050845322,12.836114177185262,3.7025705281829175,0.43759956072034584
16,4,11.61459564698518,9.268496501815576,9.723496569751534,2.3460991451696023,2.6113693363289663,9.12530212633994,3.710812050845322,12.836114177185262,4.014376220643238,0.27243515500062643
16,5,11.444307949194002,9.0982088040244,9.723496569751534,2.3460991451696023,2.4410816385377894,9.12530212633994,3.710812050845322,12.836114177185262,4.666757308685912,0.27243515500062643
16,6,11.580523434900321,9.234424289730718,9.723496569751534,2.3460991451696023,2.5772971242441076,9.12530212633994,3.710812050845322,12.836114177185262,5.046707425315949,0.27243515500062643
16,7,13.894625400735773,11.54852625556617,9.723496569751534,2.3460991451696023,4.89139909007956,9.12530212633994,3.710812050845322,12.836114177185262,0.7984536102750832,0.11997627046320784
16,8,9.488194987591118,7.142095842421517,9.723496569751534,2.3460991451696023,0.4849686769349061,9.12530212633994,3.710812050845322,12.836114177185262,5.363060621523524,0.11997627046320784
16,9,12.391675030515273,10.045575885345672,9.723496569751534,2.3460991451696023,3.3884487198590607,9.12530212633994,3.710812050845322,12.836114177185262,4.120707546923655,0.11997627046320784
16,10,10.854420196538253,8.50832105136865,9.723496569751534,2.3460991451696023,1.8511938858820398,9.12530212633994,3.710812050845322,12.836114177185262,5.952864140277828,0.3976866963160129
16,11,12.982479784643274,10.636380639473671,9.723496569751534,2.3460991451696023,3.979253473987061,9.12530212633994,3.710812050845322,12.836114177185262,3.5289015574219595,0.3976866963160129
16,12,12.45624986727599,10.110150722106388,9.723496569751534,2.3460991451696023,3.4530235566197773,9.12530212633994,3.710812050845322,12.836114177185262,2.1573988093006577,0.3976866963160129
17,1,9.532956253117057,9.532956253117057,10.805275858242805,0,2.135196102693831,10.110150722106388,1.5828515296251076,11.693002251731496,4.006912883415737,0.26726108283362116
17,2,10.381476219145226,10.381476219145226,10.805275858242805,0,2.983716068721999,10.110150722106388,1.5828515296251076,11.693002251731496,4.159387025474478,0.26726108283362116
17,3,9.541557770440342,9.541557770440342,10.805275858242805,0,2.143797620017115,10.110150722106388,1.5828515296251076,11.693002251731496,5.991698064942987,0.26726108283362116
17,4,12.499498667037766,12.499498667037766,10.805275858242805,0,5.101738516614541,10.110150722106388,1.5828515296251076,11.693002251731496,1.9081273112166466,0.03389921233171331
17,5,8.396110644074074,8.396110644074074,10.805275858242805,0,0.9983504936508483,10.110150722106388,1.5828515296251076,11.693002251731496,6.03133260341769,0.03389921233171331
17,6,12.43790708473204,12.43790708473204,10.805275858242805,0,5.040146934308813,10.110150722106388,1.5828515296251076,11.693002251731496,2.0709450143028034,0.03389921233171331
17,7,9.287877452718433,9.287877452718433,10.805275858242805,0,1.8901173022952071,10.110150722106388,1.5828515296251076,11.693002251731496,4.410616689215129,0.1131175793990623
17,8,10.757393858140874,10.757393858140874,10.805275858242805,0,3.3596337077176477,10.110150722106388,1.5828515296251076,11.693002251731496,3.8112555532825727,0.1131175793990623
17,9,10.171149689245937,10.171149689245937,10.805275858242805,0,2.77338953882271,10.110150722106388,1.5828515296251076,11.693002251731496,4.384382755139892,0.1131175793990623
17,10,9.736914077210924,9.736914077210924,10.805275858242805,0,2.3391539267876977,10.110150722106388,1.5828515296251076,11.693002251731496,5.825981181067236,0.36056698682846994
17,11,10.937528156390858,10.937528156390858,10.805275858242805,0,3.5397680059676313,10.110150722106388,1.5828515296251076,11.693002251731496,4.866351448634713,0.36056698682846994
17,12,9.79665204145278,9.79665204145278,10.805275858242805,0,2.3988918910295545,10.110150722106388,1.5828515296251076,11.693002251731496,6.188473946078345,0.36056698682846994
18,1,11.285982981163064,11.285982981163064,10.555843705732663,0,4.05899489267347,9.79665204145278,1.5445663766625968,11.341218418115378,3.9690037309376596,0.10313686168050905
18,2,10.521042485265065,10.521042485265065,10.555843705732663,0,3.2940543967754707,9.79665204145278,1.5445663766625968,11.341218418115378,3.2794145075929726,0.10313686168050905
18,3,10.497397038805389,10.497397038805389,10.555843705732663,0,3.270408950315794,9.79665204145278,1.5445663766625968,11.341218418115378,2.637116177167639,0.10313686168050905
18,4,9.542421509158356,9.542421509158356,10.555843705732663,0,2.3154334206687617,9.79665204145278,1.5445663766625968,11.341218418115378,3.9047689060363706,0.31090573960089385
18,5,10.150291070734788,10.150291070734788,10.555843705732663,0,2.9233029822451932,9.79665204145278,1.5445663766625968,11.341218418115378,3.956682511752238,0.31090573960089385
18,6,9.339480073726397,9.339480073726397,10.555843705732663,0,2.1124919852368027,9.79665204145278,1.5445663766625968,11.341218418115378,5.630218111484886,0.31090573960089385
18,7,11.13631589757267,11.13631589757267,10.555843705732663,0,3.9093278090830754,9.79665204145278,1.5445663766625968,11.341218418115378,3.7100820635249896,0.057856727398574385
18,8,10.143867811754717,10.143867811754717,10.555843705732663,0,2.9168797232651222,9.79665204145278,1.5445663766625968,11.341218418115378,3.774842187200999,0.057856727398574385
18,9,9.631938261867646,9.631938261867646,10.555843705732663,0,2.4049501733780514,9.79665204145278,1.5445663766625968,11.341218418115378,4.863461410651151,0.057856727398574385
18,10,10.641389882624924,10.641389882624924,10.555843705732663,0,3.4144017941353297,9.79665204145278,1.5445663766625968,11.341218418115378,3.933177392586746,0.2189730736787568
18,11,9.870409501504241,9.870409501504241,10.555843705732663,0,2.6434214130146474,9.79665204145278,1.5445663766625968,11.341218418115378,4.544854136763706,0.2189730736787568
18,12,11.292809848942884,11.292809848942884,10.555843705732663,0,4.065821760453289,9.79665204145278,1.5445663766625968,11.341218418115378,2.3117301860633814,0.2189730736787568
19,1,9.97138775066847,9.97138775066847,12.504363470988716,0,1.4103585825402645,11.292809848942884,1.510109738996337,12.802919587939222,6.166128004658042,0.07319682704529955
19,2,12.130188901297643,12.130188901297643,12.504363470988716,0,3.569159733169437,11.292809848942884,1.510109738996337,12.802919587939222,5.7029235219943555,0.07319682704529955
19,3,13.38842204689313,13.38842204689313,12.504363470988716,0,4.827392878764924,11.292809848942884,1.510109738996337,12.802919587939222,2.7232527481396964,0.07319682704529955
19,4,10.021251348460373,10.021251348460373,12.504363470988716,0,1.4602221803321676,11.292809848942884,1.510109738996337,12.802919587939222,6.47792337115055,0.05587947034601539
19,5,11.99838065383473,11.99838065383473,12.504363470988716,0,3.4373514857065235,11.292809848942884,1.510109738996337,12.802919587939222,6.278335383412691,0.05587947034601539
19,6,13.043553458224789,13.043553458224789,12.504363470988716,0,4.482524290096582,11.292809848942884,1.510109738996337,12.802919587939222,3.9884017868947144,0.05587947034601539
19,7,11.002919890414963,11.002919890414963,12.504363470988716,0,2.4418907222867574,11.292809848942884,1.510109738996337,12.802919587939222,5.779735325996388,0.2592134451447014
19,8,12.506094995469827,12.506094995469827,12.504363470988716,0,3.9450658273416197,11.292809848942884,1.510109738996337,12.802919587939222,4.564718654988336,0.2592134451447014
19,9,12.933632071516532,12.933632071516532,12.504363470988716,0,4.3726029033883265,11.292809848942884,1.510109738996337,12.802919587939222,2.494627831886871,0.2592134451447014
19,10,10.956307400478995,10.956307400478995,12.504363470988716,0,2.3952782323507877,11.292809848942884,1.510109738996337,12.802919587939222,4.379186350860483,0.17477156648028824
19,11,12.597291179030055,12.597291179030055,12.504363470988716,0,4.036262010901848,11.292809848942884,1.510109738996337,12.802919587939222,2.9817773127319738,0.17477156648028824
19,12,10.896875351376462,10.896875351376462,12.504363470988716,0,2.3358461832482553,11.292809848942884,1.510109738996337,12.802919587939222,4.985199929910651,0.17477156648028824
20,1,8.87312744917047,8.87312744917047,11.5458965808937,0,4.884053476199192,10.896875351376462,1.4790987650967033,12.375974116473165,9.681716963839873,0.15105285081551953
20,2,13.182839540325103,13.182839540325103,11.5458965808937,0,9.193765567353825,10.896875351376462,1.4790987650967033,12.375974116473165,5.758809815459829,0.15105285081551953
20,3,9.623159517567128,9.623159517567128,11.5458965808937,0,5.63408554459585,10.896875351376462,1.4790987650967033,12.375974116473165,8.955262712595735,0.15105285081551953
20,4,12.494180992213222,12.494180992213222,11.5458965808937,0,8.505107019241944,10.896875351376462,1.4790987650967033,12.375974116473165,6.409672660439453,0.10721506170069965
20,5,10.1693773198196,10.1693773198196,11.5458965808937,0,6.180303346848321,10.896875351376462,1.4790987650967033,12.375974116473165,8.513689953070417,0.10721506170069965
20,6,12.185755228363343,12.185755228363343,11.5458965808937,0,8.196681255392065,10.896875351376462,1.4790987650967033,12.375974116473165,6.584951428613893,0.10721506170069965
20,7,10.392815227275884,10.392815227275884,11.5458965808937,0,6.403741254304607,10.896875351376462,1.4790987650967033,12.375974116473165,8.242092906332285,0.13675950983639315
20,8,12.062258333482571,12.062258333482571,11.5458965808937,0,8.073184360511293,10.896875351376462,1.4790987650967033,12.375974116473165,6.560348171637305,0.13675950983639315
20,9,10.33994860642165,10.33994860642165,11.5458965808937,0,6.350874633450372,10.896875351376462,1.4790987650967033,12.375974116473165,8.323222891064166,0.13675950983639315
20,10,12.218283401730814,12.218283401730814,11.5458965808937,0,8.229209428759535,10.896875351376462,1.4790987650967033,12.375974116473165,6.329428019872701,0.2753950782580051
20,11,10.140100264230329,10.140100264230329,11.5458965808937,0,6.1510262912590505,10.896875351376462,1.4790987650967033,12.375974116473165,8.491999423682206,0.2753950782580051
20,12,12.244616709516215,12.244616709516215,11.5458965808937,0,8.255542736544937,10.896875351376462,1.4790987650967033,12.375974116473165,6.445537936919937,0.2753950782580051
21,1,13.351633424874102,10.611746860881883,12.428572345828094,2.7398865639922185,6.317710956560988,12.244616709516215,4.191075452579252,16.435692162095467,9.89523327050048,0.4289048464686526
21,2,16.70760265844469,13.96771609445247,12.428572345828094,2.7398865639922185,9.673680190131574,12.244616709516215,4.191075452579252,16.435692162095467,6.632990136939849,0.4289048464686526
21,3,13.389486249908092,10.649599685915874,12.428572345828094,2.7398865639922185,6.355563781594978,12.244616709516215,4.191075452579252,16.435692162095467,10.006979820452411,0.4289048464686526
21,4,16.75761992063936,14.017733356647142,12.428572345828094,2.7398865639922185,9.723697452326245,12.244616709516215,4.191075452579252,16.435692162095467,6.644702162502437,0.12171424102467109
21,5,13.515271380204798,10.77538481621258,12.428572345828094,2.7398865639922185,6.481348911891684,12.244616709516215,4.191075452579252,16.435692162095467,9.767121585421588,0.12171424102467109
21,6,16.66190578299136,13.922019218999143,12.428572345828094,2.7398865639922185,9.627983314678247,12.244616709516215,4.191075452579252,16.435692162095467,6.5962722027676115,0.12171424102467109
21,7,13.491193159927139,10.75130659593492,12.428572345828094,2.7398865639922185,6.457270691614025,12.244616709516215,4.191075452579252,16.435692162095467,9.76684806624208,0.1329204339656878
21,8,16.320502892311918,13.5806163283197,12.428572345828094,2.7398865639922185,9.286580423998803,12.244616709516215,4.191075452579252,16.435692162095467,7.27880446494699,0.1329204339656878
21,9,14.098423032233114,11.358536468240896,12.428572345828094,2.7398865639922185,7.064500563919999,12.244616709516215,4.191075452579252,16.435692162095467,9.234920583809508,0.1329204339656878
21,10,16.09645718521164,13.356570621219422,12.428572345828094,2.7398865639922185,9.062534716898526,12.244616709516215,4.191075452579252,16.435692162095467,7.194968396714973,0.3687053370093689
21,11,14.162494211232048,11.422607647239829,12.428572345828094,2.7398865639922185,7.128571742918933,12.244616709516215,4.191075452579252,16.435692162095467,9.022942157579624,0.3687053370093689
21,12,15.83264814849859,13.092761584506372,12.428572345828094,2.7398865639922185,8.798725680185475,12.244616709516215,4.191075452579252,16.435692162095467,7.510608043911191,0.3687053370093689
22,1,11.951743084475831,11.951743084475831,13.273728585955306,0,7.365708136428461,13.092761584506373,1.7000586561275517,14.792820240633926,9.973612045421207,0.33687299437873697
22,2,14.262511371324361,14.262511371324361,13.273728585955306,0,9.676476423276991,13.092761584506373,1.7000586561275517,14.792820240633926,7.815079473234164,0.33687299437873697
22,3,12.356811168394344,12.356811168394344,13.273728585955306,0,7.770776220346975,13.092761584506373,1.7000586561275517,14.792820240633926,9.467947306907153,0.33687299437873697
22,4,13.92072812504922,13.92072812504922,13.273728585955306,0,9.33469317700185,13.092761584506373,1.7000586561275517,14.792820240633926,7.992981227270393,0.29949565145358753
22,5,12.202817378160745,12.202817378160745,13.273728585955306,0,7.616782430113376,13.092761584506373,1.7000586561275517,14.792820240633926,9.953836641410582,0.29949565145358753
22,6,14.132765536931817,14.132765536931817,13.273728585955306,0,9.546730588884447,13.092761584506373,1.7000586561275517,14.792820240633926,8.054795738008627,0.29949565145358753
22,7,12.198295513528247,12.198295513528247,13.273728585955306,0,7.612260565480877,13.092761584506373,1.7000586561275517,14.792820240633926,10.024694881413811,0.054104057586186936
22,8,14.567585411506894,14.567585411506894,13.273728585955306,0,9.981550463459524,13.092761584506373,1.7000586561275517,14.792820240633926,7.256014228861703,0.054104057586186936
22,9,11.6766562579698,11.6766562579698,13.273728585955306,0,7.090621309922429,13.092761584506373,1.7000586561275517,14.792820240633926,10.269191883383783,0.054104057586186936
22,10,14.84938907419312,14.84938907419312,13.273728585955306,0,10.26335412614575,13.092761584506373,1.7000586561275517,14.792820240633926,6.936903905459223,0.28124690153492127
22,11,11.338858537967976,11.338858537967976,13.273728585955306,0,6.752823589920605,13.092761584506373,1.7000586561275517,14.792820240633926,10.62567699998495,0.28124690153492127
22,12,14.989766281143208,14.989766281143208,13.273728585955306,0,10.403731333095838,13.092761584506373,1.7000586561275517,14.792820240633926,7.012634608160214,0.28124690153492127
23,1,12.43086590858633,12.074701657909557,15.470735933943596,0.35616425067677326,6.729607006799408,14.989766281143206,2.006217041191569,16.995983322334776,13.3237335074279,0.324000525740975
23,2,18.957773548392897,18.601609297716124,15.470735933943596,0.35616425067677326,13.256514646605975,14.989766281143206,2.006217041191569,16.995983322334776,6.581017127082452,0.324000525740975
23,3,12.145876879831938,11.789712629155165,15.470735933943596,0.35616425067677326,6.444617978045015,14.989766281143206,2.006217041191569,16.995983322334776,13.462094083858924,0.324000525740975
23,4,18.50215510140001,18.145990850723237,15.470735933943596,0.35616425067677326,12.800896199613089,14.989766281143206,2.006217041191569,16.995983322334776,7.63061459749925,0.1814150663050153
23,5,13.156773229343543,12.80060897866677,15.470735933943596,0.35616425067677326,7.45551432755662,14.989766281143206,2.006217041191569,16.995983322334776,12.489898855252513,0.1814150663050153
23,6,18.081219732473347,17.725055481796574,15.470735933943596,0.35616425067677326,12.379960830686422,14.989766281143206,2.006217041191569,16.995983322334776,7.500290106746169,0.1814150663050153
23,7,13.12036403439214,12.764199783715366,15.470735933943596,0.35616425067677326,7.419105132605216,14.989766281143206,2.006217041191569,16.995983322334776,12.432392754402239,0.026220248138245895
23,8,17.58631965613949,17.230155405462718,15.470735933943596,0.35616425067677326,11.885060754352565,14.989766281143206,2.006217041191569,16.995983322334776,8.432584158563607,0.026220248138245895
23,9,13.960773277643698,13.604609026966925,15.470735933943596,0.35616425067677326,8.259514375856774,14.989766281143206,2.006217041191569,16.995983322334776,11.68386831971656,0.026220248138245895
23,10,16.803682922791495,16.44751867211472,15.470735933943596,0.35616425067677326,11.102424021004571,14.989766281143206,2.006217041191569,16.995983322334776,9.249333190573918,0.11240733549540263
23,11,14.527403284332145,14.171239033655372,15.470735933943596,0.35616425067677326,8.826144382545221,14.989766281143206,2.006217041191569,16.995983322334776,11.367357338349976,0.11240733549540263
23,12,17.006251761465208,16.650087510788435,15.470735933943596,0.35616425067677326,11.304992859678284,14.989766281143206,2.006217041191569,16.995983322334776,8.527684531859908,0.11240733549540263
24,1,14.339101794577566,14.339101794577566,17.576746105875884,0,8.26638670231692,16.65008751078843,1.6406639365309945,18.290751447319426,14.076314559369093,0.06296970808414984
24,2,19.69730610773757,19.69730610773757,17.576746105875884,0,13.624591015476927,16.65008751078843,1.6406639365309945,18.290751447319426,8.908535960558266,0.06296970808414984
24,3,14.886304127620654,14.886304127620654,17.576746105875884,0,8.813589035360009,16.65008751078843,1.6406639365309945,18.290751447319426,13.362761321981274,0.06296970808414984
24,4,19.300578589758373,19.300578589758373,17.576746105875884,0,13.227863497497728,16.65008751078843,1.6406639365309945,18.290751447319426,8.988437759128844,0.13531957804797637
24,5,15.031026999683174,15.031026999683174,17.576746105875884,0,8.958311907422528,16.65008751078843,1.6406639365309945,18.290751447319426,13.153217376426813,0.13531957804797637
24,6,18.58978509012401,18.58978509012401,17.576746105875884,0,12.517069997863365,16.65008751078843,1.6406639365309945,18.290751447319426,10.200480812843109,0.13531957804797637
24,7,15.738206114516402,15.738206114516402,17.576746105875884,0,9.665491022255758,16.65008751078843,1.6406639365309945,18.290751447319426,12.950902200474621,0.42439604921270996
24,8,18.800035229902576,18.800035229902576,17.576746105875884,0,12.72732013764193,16.65008751078843,1.6406639365309945,18.290751447319426,9.577665357333785,0.42439604921270996
24,9,15.5060125938958,15.5060125938958,17.576746105875884,0,9.433297501635154,16.65008751078843,1.6406639365309945,18.290751447319426,12.792473786206502,0.42439604921270996
24,10,18.43403923544511,18.43403923544511,17.576746105875884,0,12.361324143184465,16.65008751078843,1.6406639365309945,18.290751447319426,10.151228931980599,0.16905709136071356
24,11,15.79287698730792,15.79287698730792,17.576746105875884,0,9.720161895047276,16.65008751078843,1.6406639365309945,18.290751447319426,12.792308574029073,0.16905709136071356
24,12,18.28400397595157,18.28400397595157,17.576746105875884,0,12.211288883690926,16.65008751078843,1.6406639365309945,18.290751447319426,10.451134238790248,0.16905709136071356
25,1,18.339831906959645,16.981353511866235,19.107755401804273,1.3584783950934098,10.379679122943307,18.284003975951574,2.955075937971304,21.23907991392288,13.880186592813622,0.29120830595286784
25,2,21.741314892481345,20.382836497387935,19.107755401804273,1.3584783950934098,13.781162108465006,18.284003975951574,2.955075937971304,21.23907991392288,10.506272975793598,0.29120830595286784
25,3,18.21213871337143,16.85366031827802,19.107755401804273,1.3584783950934098,10.25198592935509,18.284003975951574,2.955075937971304,21.23907991392288,14.190711716993404,0.29120830595286784
25,4,22.078185042258106,20.719706647164696,19.107755401804273,1.3584783950934098,14.118032258241765,18.284003975951574,2.955075937971304,21.23907991392288,10.143057800419859,0.12192498167191927
25,5,17.719164750687128,16.360686355593717,19.107755401804273,1.3584783950934098,9.759011966670787,18.284003975951574,2.955075937971304,21.23907991392288,14.81344446698827,0.12192498167191927
25,6,22.633730987955442,21.27525259286203,19.107755401804273,1.3584783950934098,14.673578203939103,18.284003975951574,2.955075937971304,21.23907991392288,9.654698659020053,0.12192498167191927
25,7,17.35844954640493,15.99997115131152,19.107755401804273,1.3584783950934098,9.398296762388592,18.284003975951574,2.955075937971304,21.23907991392288,15.046515734152857,0.17256985114972576
25,8,22.839202001506877,21.480723606413466,19.107755401804273,1.3584783950934098,14.879049217490538,18.284003975951574,2.955075937971304,21.23907991392288,9.47682789908177,0.17256985114972576
25,9,17.36792992046856,16.009451525375148,19.107755401804273,1.3584783950934098,9.407777136452218,18.284003975951574,2.955075937971304,21.23907991392288,14.84968422608732,0.17256985114972576
25,10,22.443797328760173,21.085318933666763,19.107755401804273,1.3584783950934098,14.483644544743832,18.284003975951574,2.955075937971304,21.23907991392288,10.07080573650964,0.27931843444714194
25,11,17.908341878344014,16.549863483250604,19.107755401804273,1.3584783950934098,9.948189094327674,18.284003975951574,2.955075937971304,21.23907991392288,14.362838147764279,0.27931843444714194
25,12,21.917068232486155,20.558589837392745,19.107755401804273,1.3584783950934098,13.956915448469815,18.284003975951574,2.955075937971304,21.23907991392288,10.637417850734636,0.27931843444714194
