1,1,14.523472740883982,14.523472740883982,10.402321127474497,0,7.241847951651833,10.000000000000002,2.0,12.000000000000002,1.3553756457065376,0.2
1,2,8.384031162972429,8.384031162972429,10.402321127474497,0,1.1024063737402812,10.000000000000002,2.0,12.000000000000002,4.989634447236179,0.2
1,3,9.263821987093282,9.263821987093282,10.402321127474497,0,1.9821971978611337,10.000000000000002,2.0,12.000000000000002,6.864311600524115,0.2
1,4,10.843318103062145,10.843318103062145,10.402321127474497,0,3.5616933138299984,10.000000000000002,2.0,12.000000000000002,5.579996521874322,0.2
1,5,12.850853574733504,12.850853574733504,10.402321127474497,0,5.569228785501356,10.000000000000002,2.0,12.000000000000002,0.28061049988181264,0.2
1,6,7.39098253495934,7.39098253495934,10.402321127474497,0,0.10935774572719237,10.000000000000002,2.0,12.000000000000002,5.9009665574376315,0.2
1,7,9.791277389020202,9.791277389020202,10.402321127474497,0,2.5096525997880548,10.000000000000002,2.0,12.000000000000002,6.720732906871726,0.2
1,8,12.839992155210865,12.839992155210865,10.402321127474497,0,5.558367365978716,10.000000000000002,2.0,12.000000000000002,1.4430697239244958,0.2
1,9,8.383426359814349,8.383426359814349,10.402321127474497,0,1.1018015705822017,10.000000000000002,2.0,12.000000000000002,5.078538131770296,0.2
1,10,11.59339046801198,11.59339046801198,10.402321127474497,0,4.311765678779833,10.000000000000002,2.0,12.000000000000002,2.294078323220834,0.2
1,11,8.125446619531358,8.125446619531358,10.402321127474497,0,0.8438218302992105,10.000000000000002,2.0,12.000000000000002,6.445506211632616,0.2
1,12,9.479541760022702,9.479541760022702,10.402321127474497,0,2.197916970790554,10.000000000000002,2.0,12.000000000000002,7.888743819061712,0.2
2,1,14.621939399895371,14.621939399895371,9.915499229562082,0,7.6810899392019145,9.479541760022702,1.92,11.399541760022702,-1.9600939911442472,0.2
2,2,6.940849460693457,6.940849460693457,9.915499229562082,0,0,9.479541760022702,1.92,11.399541760022702,3.553248077053623,0.2
2,3,8.222296304064685,8.222296304064685,9.915499229562082,0,1.281446843371228,9.479541760022702,1.92,11.399541760022702,6.5036964585090375,0.2
2,4,11.639803594706612,11.639803594706612,9.915499229562082,0,4.698954134013155,9.479541760022702,1.92,11.399541760022702,2.619130258680598,0.4613580329478719
2,5,7.906615219446806,7.906615219446806,9.915499229562082,0,0.9657657587533496,9.479541760022702,1.92,11.399541760022702,6.200940809371769,0.4613580329478719
2,6,12.170067402185868,12.170067402185868,9.915499229562082,0,5.2292179414924105,9.479541760022702,1.92,11.399541760022702,1.2558469945848172,0.4613580329478719
2,7,8.144989137015124,8.144989137015124,9.915499229562082,0,1.204139676321667,9.479541760022702,1.92,11.399541760022702,4.360909710139354,0.3054281424313351
2,8,8.560159291558348,8.560159291558348,9.915499229562082,0,1.619309830864891,9.479541760022702,1.92,11.399541760022702,6.635632116607442,0.3054281424313351
2,9,10.940735173164498,10.940735173164498,9.915499229562082,0,3.999885712471042,9.479541760022702,1.92,11.399541760022702,4.149202759863229,0.3054281424313351
2,10,8.207869976467546,8.207869976467546,9.915499229562082,0,1.2670205157740881,9.479541760022702,1.92,11.399541760022702,7.1285037965129225,0.22283208782823752
2,11,12.072329394048449,12.072329394048449,9.915499229562082,0,5.131479933354991,9.479541760022702,1.92,11.399541760022702,2.3788859980008095,0.22283208782823752
2,12,7.915962500684172,7.915962500684172,9.915499229562082,0,0.9751130399907151,9.479541760022702,1.92,11.399541760022702,5.9420019862172495,0.22283208782823752
3,1,10.265656054821129,10.265656054821129,8.212789192856217,0,4.516703619821778,7.915962500684171,1.848,9.76396250068417,1.5394415701153799,0.11570604292098668
3,2,6.470494583728268,6.470494583728268,8.212789192856217,0,0.7215421487289162,7.915962500684171,1.848,9.76396250068417,4.727204096199232,0.11570604292098668
3,3,7.442672427650021,7.442672427650021,8.212789192856217,0,1.6937199926506696,7.915962500684171,1.848,9.76396250068417,5.970610934439578,0.11570604292098668
3,4,7.618775706795084,7.618775706795084,8.212789192856217,0,1.869823271795733,7.915962500684171,1.848,9.76396250068417,6.861811214389798,0.03352877841288359
3,5,8.60382801472746,8.60382801472746,8.212789192856217,0,2.854875579728109,7.915962500684171,1.848,9.76396250068417,5.7829068784752655,0.03352877841288359
3,6,11.523785150963311,11.523785150963311,8.212789192856217,0,5.77483271596396,7.915962500684171,1.848,9.76396250068417,-1.1359117299109691,0.03352877841288359
3,7,5.748952434999351,5.748952434999351,8.212789192856217,0,0,7.915962500684171,1.848,9.76396250068417,3.4949350936307164,0.06030659731475509
3,8,8.378343846726544,8.378343846726544,8.212789192856217,0,2.629391411727193,7.915962500684171,1.848,9.76396250068417,2.8669990937180163,0.06030659731475509
3,9,8.362520121694342,8.362520121694342,8.212789192856217,0,2.6135676866949895,7.915962500684171,1.848,9.76396250068417,2.270710543869722,0.06030659731475509
3,10,6.440077916903437,6.440077916903437,8.212789192856217,0,0.691125481904086,7.915962500684171,1.848,9.76396250068417,5.5193064036032355,0.29927774162421134
3,11,8.413659716586892,8.413659716586892,8.212789192856217,0,2.66470728158754,7.915962500684171,1.848,9.76396250068417,4.82073866396984,0.29927774162421134
3,12,7.228656315952321,7.228656315952321,8.212789192856217,0,1.4797038809529703,7.915962500684171,1.848,9.76396250068417,6.492177725605586,0.29927774162421134
4,1,8.491482276255855,8.491482276255855,7.511200376375669,0,3.2336420127928873,7.228656315952321,1.7832000000000001,9.011856315952322,4.249069865421866,0.16826101884968064
4,2,8.245055272897513,8.245055272897513,7.511200376375669,0,2.9872150094345447,7.228656315952321,1.7832000000000001,9.011856315952322,2.4988160119548306,0.16826101884968064
4,3,6.1694164245619865,6.1694164245619865,7.511200376375669,0,0.9115761610990191,7.228656315952321,1.7832000000000001,9.011856315952322,4.899839855158847,0.16826101884968064
4,4,8.745509600138828,8.745509600138828,7.511200376375669,0,3.487669336675859,7.228656315952321,1.7832000000000001,9.011856315952322,2.1486773472091825,0.30042517749013065
4,5,5.982372229326695,5.982372229326695,7.511200376375669,0,0.7245319658637274,7.228656315952321,1.7832000000000001,9.011856315952322,4.923789580883782,0.30042517749013065
4,6,9.223409392214785,9.223409392214785,7.511200376375669,0,3.9655691287518176,7.228656315952321,1.7832000000000001,9.011856315952322,1.2168274887822017,0.30042517749013065
4,7,6.061973959439883,6.061973959439883,7.511200376375669,0,0.8041336959769154,7.228656315952321,1.7832000000000001,9.011856315952322,3.8327362622304255,0.10268919451651894
4,8,6.592816541581963,6.592816541581963,7.511200376375669,0,1.3349762781189956,7.228656315952321,1.7832000000000001,9.011856315952322,5.386959871394489,0.10268919451651894
4,9,9.738813595592006,9.738813595592006,7.511200376375669,0,4.480973332129038,7.228656315952321,1.7832000000000001,9.011856315952322,0.6491893725384674,0.10268919451651894
4,10,5.747337342575907,5.747337342575907,7.511200376375669,0,0.48949707911293977,7.228656315952321,1.7832000000000001,9.011856315952322,3.894371379714643,0.3941153782041052
4,11,8.113764586998883,8.113764586998883,7.511200376375669,0,2.8559243235359144,7.228656315952321,1.7832000000000001,9.011856315952322,2.406698898044868,0.3941153782041052
4,12,6.200070968692014,6.200070968692014,7.511200376375669,0,0.9422307052290466,7.228656315952321,1.7832000000000001,9.011856315952322,4.74641365298883,0.3941153782041052
5,1,6.93149024371493,6.93149024371493,6.4089239933157724,0,2.4452434483938896,6.200070968692014,1.7248800000000004,7.9249509686920145,3.4924281275667557,0.07884079250994916
5,2,7.598532875843175,7.598532875843175,6.4089239933157724,0,3.112286080522135,6.200070968692014,1.7248800000000004,7.9249509686920145,0.9043573378881913,0.07884079250994916
5,3,5.352586416764965,5.352586416764965,6.4089239933157724,0,0.8663396214439245,6.200070968692014,1.7248800000000004,7.9249509686920145,2.808179466366047,0.07884079250994916
5,4,6.941354292167399,6.941354292167399,6.4089239933157724,0,2.4551074968463587,6.200070968692014,1.7248800000000004,7.9249509686920145,1.534465844039035,0.21457611476112992
5,5,5.970932872588395,5.970932872588395,6.4089239933157724,0,1.484686077267354,6.200070968692014,1.7248800000000004,7.9249509686920145,2.201595060870032,0.21457611476112992
5,6,5.780481311616198,5.780481311616198,6.4089239933157724,0,1.2942345162951567,6.200070968692014,1.7248800000000004,7.9249509686920145,3.2496273996454232,0.21457611476112992
5,7,6.507868698051021,6.507868698051021,6.4089239933157724,0,2.02162190272998,6.200070968692014,1.7248800000000004,7.9249509686920145,2.842884965551168,0.0824548404579865
5,8,6.008246364525896,6.008246364525896,6.4089239933157724,0,1.5219995692048556,6.200070968692014,1.7248800000000004,7.9249509686920145,3.4353871985071622,0.0824548404579865
5,9,6.923016736514664,6.923016736514664,6.4089239933157724,0,2.4367699411936234,6.200070968692014,1.7248800000000004,7.9249509686920145,2.1983486874856206,0.0824548404579865
5,10,5.760097530127253,5.760097530127253,6.4089239933157724,0,1.2738507348062127,6.200070968692014,1.7248800000000004,7.9249509686920145,3.2871485892389005,0.016811799724983936
5,11,7.264987773877115,7.264987773877115,6.4089239933157724,0,2.7787409785560744,6.200070968692014,1.7248800000000004,7.9249509686920145,1.366168003492457,0.016811799724983936
5,12,5.731495029863067,5.731495029863067,6.4089239933157724,0,1.245248234542027,6.200070968692014,1.7248800000000004,7.9249509686920145,2.5121729057741087,0.016811799724983936
6,1,6.659509620216388,6.659509620216388,5.941748590060441,0,2.5002856071740798,5.731495029863067,1.672392,7.403887029863068,0.8663972852648403,0.0968662644860332
6,2,4.591404074224745,4.591404074224745,5.941748590060441,0,0.432180061182437,5.731495029863067,1.672392,7.403887029863068,3.3568327567388576,0.0968662644860332
6,3,6.616482848056399,6.616482848056399,5.941748590060441,0,2.4572588350140903,5.731495029863067,1.672392,7.403887029863068,1.7971106805495682,0.0968662644860332
6,4,4.719915802249349,4.719915802249349,5.941748590060441,0,0.5606917892070407,5.731495029863067,1.672392,7.403887029863068,4.030522695974378,0.3571502988016091
6,5,7.0511857100682045,7.0511857100682045,5.941748590060441,0,2.891961697025896,5.731495029863067,1.672392,7.403887029863068,1.6013948957614774,0.3571502988016091
6,6,5.601119170635615,5.601119170635615,5.941748590060441,0,1.441895157593306,5.731495029863067,1.672392,7.403887029863068,2.0724001744137563,0.3571502988016091
6,7,4.884225696803981,4.884225696803981,5.941748590060441,0,0.7250016837616728,5.731495029863067,1.672392,7.403887029863068,3.977192400729302,0.2530814813427122
6,8,5.928848454497168,5.928848454497168,5.941748590060441,0,1.7696244414548599,5.731495029863067,1.672392,7.403887029863068,3.7927391116584737,0.2530814813427122
6,9,7.596461712664609,7.596461712664609,5.941748590060441,0,3.4372376996223,5.731495029863067,1.672392,7.403887029863068,0.2730593062527644,0.2530814813427122
6,10,4.332026017949062,4.332026017949062,5.941748590060441,0,0.1728020049067531,5.731495029863067,1.672392,7.403887029863068,3.2822508902781493,0.02089183984368534
6,11,5.817231711775342,5.817231711775342,5.941748590060441,0,1.6580076987330337,5.731495029863067,1.672392,7.403887029863068,3.321031086650973,0.02089183984368534
6,12,5.5503223576587875,5.5503223576587875,5.941748590060441,0,1.391098344616479,5.731495029863067,1.672392,7.403887029863068,3.8936299912569066,0.02089183984368534
7,1,7.6272267792226085,7.6272267792226085,5.799810130287307,0,3.5673596880214933,5.5503223576587875,1.6251528000000002,7.175475157658788,-0.010691079242215462,0.09694538158176276
7,2,4.059867091201115,4.059867091201115,5.799810130287307,0,0,5.5503223576587875,1.6251528000000002,7.175475157658788,3.2197072263016495,0.09694538158176276
7,3,7.18556674080881,7.18556674080881,5.799810130287307,0,3.1256996496076956,5.5503223576587875,1.6251528000000002,7.175475157658788,0.19870623263012321,0.09694538158176276
7,4,4.21996442485467,4.21996442485467,5.799810130287307,0,0.16009733365355489,5.5503223576587875,1.6251528000000002,7.175475157658788,3.1089098708668783,0.3948621800490068
7,5,5.650159014570465,5.650159014570465,5.799810130287307,0,1.5902919233693504,5.5503223576587875,1.6251528000000002,7.175475157658788,3.1587243296720424,0.3948621800490068
7,6,7.045420080238733,7.045420080238733,5.799810130287307,0,2.9855529890376187,5.5503223576587875,1.6251528000000002,7.175475157658788,0.4180166571406705,0.3948621800490068
7,7,4.209028010715333,4.209028010715333,5.799810130287307,0,0.14916091951421748,5.5503223576587875,1.6251528000000002,7.175475157658788,3.3500931236561002,0.2777879239688632
7,8,5.40496095152862,5.40496095152862,5.799810130287307,0,1.345093860327505,5.5503223576587875,1.6251528000000002,7.175475157658788,3.8903037085449546,0.2777879239688632
7,9,6.61405961936407,6.61405961936407,5.799810130287307,0,2.5541925281629556,5.5503223576587875,1.6251528000000002,7.175475157658788,2.0123169577629083,0.2777879239688632
7,10,5.384729824739198,5.384729824739198,5.799810130287307,0,1.3248627335380831,5.5503223576587875,1.6251528000000002,7.175475157658788,2.592989796230607,0.17621956502103844
7,11,6.154558401368327,6.154558401368327,5.799810130287307,0,2.0946913101672116,5.5503223576587875,1.6251528000000002,7.175475157658788,1.6340054814400484,0.17621956502103844
7,12,4.7294564585623355,4.7294564585623355,5.799810130287307,0,0.6695893673612203,5.5503223576587875,1.6251528000000002,7.175475157658788,3.5252250522614723,0.17621956502103844
8,1,5.269245610010076,5.269245610010076,4.913157002058263,0,1.8300357085692924,4.729456458562335,1.5826375200000002,6.312093978562335,2.629347292861918,0.047580700555775894
8,2,4.930520635115531,4.930520635115531,4.913157002058263,0,1.4913107336747475,4.729456458562335,1.5826375200000002,6.312093978562335,2.410919483251453,0.047580700555775894
8,3,5.785596703769446,5.785596703769446,4.913157002058263,0,2.346386802328662,4.729456458562335,1.5826375200000002,6.312093978562335,0.4823395363331584,0.047580700555775894
8,4,3.8238239799486227,3.8238239799486227,4.913157002058263,0,0.384614078507839,4.729456458562335,1.5826375200000002,6.312093978562335,2.4773050370565106,0.11990220315748744
8,5,5.440283656728889,5.440283656728889,4.913157002058263,0,2.0010737552881057,4.729456458562335,1.5826375200000002,6.312093978562335,1.2393511842193297,0.11990220315748744
8,6,4.0104287337852424,4.0104287337852424,4.913157002058263,0,0.571218832344459,4.729456458562335,1.5826375200000002,6.312093978562335,2.861107177269442,0.11990220315748744
8,7,5.939816010405945,5.939816010405945,4.913157002058263,0,2.500606108965161,4.729456458562335,1.5826375200000002,6.312093978562335,0.6240886170781499,0.4348032515024351
8,8,4.030707566481574,4.030707566481574,4.913157002058263,0,0.5914976650407902,4.729456458562335,1.5826375200000002,6.312093978562335,2.205286944735599,0.4348032515024351
8,9,5.403230607233345,5.403230607233345,4.913157002058263,0,1.9640207057925614,4.729456458562335,1.5826375200000002,6.312093978562335,1.0414391908895064,0.4348032515024351
8,10,3.974592339502973,3.974592339502973,4.913157002058263,0,0.5353824380621894,4.729456458562335,1.5826375200000002,6.312093978562335,2.7348679725041576,0.46526404960781415
8,11,5.934832182788851,5.934832182788851,4.913157002058263,0,2.4956222813480666,4.729456458562335,1.5826375200000002,6.312093978562335,0.5078170675470539,0.46526404960781415
8,12,3.7003010451600016,3.7003010451600016,4.913157002058263,0,0.26109114371921766,4.729456458562335,1.5826375200000002,6.312093978562335,2.7498284378476483,0.46526404960781415
9,1,4.207696144126565,4.207696144126565,3.7867997768136576,0,1.5569363003570045,3.700301045160002,1.544373768,5.244674813160002,1.821536971568178,0.1358433215954872
9,2,3.7616529407199826,3.7616529407199826,3.7867997768136576,0,1.1108930969504223,3.700301045160002,1.544373768,5.244674813160002,1.7853319121018725,0.1358433215954872
9,3,4.099418379738267,4.099418379738267,3.7867997768136576,0,1.4486585359687063,3.700301045160002,1.544373768,5.244674813160002,1.073595974598999,0.1358433215954872
9,4,3.036439298840598,3.036439298840598,3.7867997768136576,0,0.385679455071038,3.700301045160002,1.544373768,5.244674813160002,2.4878181988914623,0.3243307104785805
9,5,3.9234110540610523,3.9234110540610523,3.7867997768136576,0,1.2726512102914918,3.700301045160002,1.544373768,5.244674813160002,2.1280969127430174,0.3243307104785805
9,6,3.323962678794007,3.323962678794007,3.7867997768136576,0,0.6732028350244467,3.700301045160002,1.544373768,5.244674813160002,2.967272377128663,0.3243307104785805
9,7,5.380915868222251,5.380915868222251,3.7867997768136576,0,2.7301560244526906,3.700301045160002,1.544373768,5.244674813160002,-0.30745853734217965,0.2627524899989542
9,8,2.6507598437695603,2.6507598437695603,3.7867997768136576,0,0,3.700301045160002,1.544373768,5.244674813160002,1.8781225970923594,0.2627524899989542
9,9,3.7186000660295897,3.7186000660295897,3.7867997768136576,0,1.0678402222600294,3.700301045160002,1.544373768,5.244674813160002,1.9280232870068397,0.2627524899989542
9,10,4.304929960504209,4.304929960504209,3.7867997768136576,0,1.654170116734649,3.700301045160002,1.544373768,5.244674813160002,0.805264187972081,0.03712533909377714
9,11,3.240148323460317,3.240148323460317,3.7867997768136576,0,0.5893884796907567,3.700301045160002,1.544373768,5.244674813160002,1.8120683630251069,0.03712533909377714
9,12,3.4882094688229266,3.4882094688229266,3.7867997768136576,0,0.8374496250533662,3.700301045160002,1.544373768,5.244674813160002,2.3227502473529134,0.03712533909377714
10,1,4.401205133837461,4.401205133837461,3.3974246858136214,0,2.0751809504193957,3.488209468822927,1.5099363912000001,4.998145860022927,0.40597413431453955,0.10774323630105523
10,2,2.6917705376540857,2.6917705376540857,3.3974246858136214,0,0.3657463542360203,3.488209468822927,1.5099363912000001,4.998145860022927,1.9080672136429166,0.10774323630105523
10,3,3.62031276852398,3.62031276852398,3.3974246858136214,0,1.2942885851059147,3.488209468822927,1.5099363912000001,4.998145860022927,1.5530758312315047,0.10774323630105523
10,4,3.4358166292749663,3.4358166292749663,3.3974246858136214,0,1.109792445856901,3.488209468822927,1.5099363912000001,4.998145860022927,1.5670767273181203,0.23801139259180645
10,5,2.9853271707371754,2.9853271707371754,3.3974246858136214,0,0.6593029873191099,3.488209468822927,1.5099363912000001,4.998145860022927,2.4820565404803183,0.23801139259180645
10,6,4.138102853783927,4.138102853783927,3.3974246858136214,0,1.812078670365862,3.488209468822927,1.5099363912000001,4.998145860022927,1.0914849875490122,0.23801139259180645
10,7,3.189254162480078,3.189254162480078,3.3974246858136214,0,0.8632299790620123,3.488209468822927,1.5099363912000001,4.998145860022927,1.598610817225405,0.4196516509159639
10,8,3.466389658697592,3.466389658697592,3.3974246858136214,0,1.1403654752795267,3.488209468822927,1.5099363912000001,4.998145860022927,1.5514656544667693,0.4196516509159639
10,9,3.7318652418710334,3.7318652418710334,3.3974246858136214,0,1.4058410584529677,3.488209468822927,1.5099363912000001,4.998145860022927,0.9733693253612512,0.4196516509159639
10,10,2.882043354895198,2.882043354895198,3.3974246858136214,0,0.5560191714771323,3.488209468822927,1.5099363912000001,4.998145860022927,2.094916770207404,0.10472175991583088
10,11,3.3315252579676864,3.3315252579676864,3.3974246858136214,0,1.005501074549621,3.488209468822927,1.5099363912000001,4.998145860022927,2.31750040890858,0.10472175991583088
10,12,4.517025069972347,4.517025069972347,3.3974246858136214,0,2.191000886554282,3.488209468822927,1.5099363912000001,4.998145860022927,0.16908442360043363,0.10472175991583088
11,1,3.2903858588478183,3.2903858588478183,4.576729548946102,0,0.15695845536050115,4.517025069972347,1.4789427520799998,5.995967822052347,2.6820673248232465,0.4992953386324313
11,2,4.875965290246642,4.875965290246642,4.576729548946102,0,1.7425378867593246,4.517025069972347,1.4789427520799998,5.995967822052347,2.0238913632484126,0.4992953386324313
11,3,4.391604907805812,4.391604907805812,4.576729548946102,0,1.258177504318495,4.517025069972347,1.4789427520799998,5.995967822052347,2.3344361665552382,0.4992953386324313
11,4,5.192655251120063,5.192655251120063,4.576729548946102,0,2.0592278476327457,4.517025069972347,1.4789427520799998,5.995967822052347,1.0428802832335622,0.1286233901931071
11,5,4.1151518023209706,4.1151518023209706,4.576729548946102,0,0.9817243988336537,4.517025069972347,1.4789427520799998,5.995967822052347,1.9063312975100704,0.1286233901931071
11,6,4.829266436508606,4.829266436508606,4.576729548946102,0,1.6958390330212882,4.517025069972347,1.4789427520799998,5.995967822052347,1.3415530434113088,0.1286233901931071
11,7,4.422114019178564,4.422114019178564,4.576729548946102,0,1.288686615691247,4.517025069972347,1.4789427520799998,5.995967822052347,1.59107962397263,0.3174805504630079
11,8,4.4411000801451435,4.4411000801451435,4.576729548946102,0,1.3076726766578262,4.517025069972347,1.4789427520799998,5.995967822052347,1.8026340826007927,0.3174805504630079
11,9,4.851506964661505,4.851506964661505,4.576729548946102,0,1.7180795611741875,4.517025069972347,1.4789427520799998,5.995967822052347,1.1933747721962327,0.3174805504630079
11,10,3.8355618812539785,3.8355618812539785,4.576729548946102,0,0.7021344777666616,4.517025069972347,1.4789427520799998,5.995967822052347,2.6160056286067253,0.3663016170242914
11,11,4.243365119052603,4.243365119052603,4.576729548946102,0,1.1099377155652859,4.517025069972347,1.4789427520799998,5.995967822052347,3.2230300094199684,0.3663016170242914
11,12,6.022044056212363,6.022044056212363,4.576729548946102,0,2.888616652725046,4.517025069972347,1.4789427520799998,5.995967822052347,0.27269651591369204,0.3663016170242914
12,1,4.529361515987898,4.529361515987898,6.369620228111121,0,0.16844345012436476,6.022044056212362,1.4510484768719998,7.473092533084362,3.6056377682613783,0.05369912077075554
12,2,7.276461717410017,7.276461717410017,6.369620228111121,0,2.9155436515464825,6.022044056212362,1.4510484768719998,7.473092533084362,1.4443786177648281,0.05369912077075554
12,3,5.466268134334254,5.466268134334254,6.369620228111121,0,1.1053500684707203,6.022044056212362,1.4510484768719998,7.473092533084362,2.903506633419803,0.05369912077075554
12,4,5.912247316363183,5.912247316363183,6.369620228111121,0,1.5513292504996485,6.022044056212362,1.4510484768719998,7.473092533084362,3.4706762850169213,0.3385900966903617
12,5,5.985641316939426,5.985641316939426,6.369620228111121,0,1.624723251075892,6.022044056212362,1.4510484768719998,7.473092533084362,3.8910579354615527,0.3385900966903617
12,6,7.918952938458888,7.918952938458888,6.369620228111121,0,3.5580348725953543,6.022044056212362,1.4510484768719998,7.473092533084362,0.44481634286725935,0.3385900966903617
12,7,4.7672577292518445,4.7672577292518445,6.369620228111121,0,0.4063396633883104,6.022044056212362,1.4510484768719998,7.473092533084362,3.3019651686870537,0.4899882688381065
12,8,7.358751966734564,7.358751966734564,6.369620228111121,0,2.9978339008710306,6.022044056212362,1.4510484768719998,7.473092533084362,0.9761255195414082,0.4899882688381065
12,9,5.253720431433683,5.253720431433683,6.369620228111121,0,0.8928023655701492,6.022044056212362,1.4510484768719998,7.473092533084362,2.8603489409975253,0.4899882688381065
12,10,6.1236218179200606,6.1236218179200606,6.369620228111121,0,1.7627037520565267,6.022044056212362,1.4510484768719998,7.473092533084362,3.0047695894808877,0.17409208921890956
12,11,5.9158466961563505,5.9158466961563505,6.369620228111121,0,1.5549286302928167,6.022044056212362,1.4510484768719998,7.473092533084362,3.56474048149167,0.17409208921890956
12,12,6.714054834039868,6.714054834039868,6.369620228111121,0,2.353136768176334,6.022044056212362,1.4510484768719998,7.473092533084362,2.528295097735417,0.17409208921890956
13,1,6.771107912547144,6.771107912547144,7.270797729363051,0,1.7932046725259498,6.714054834039869,1.4259436291848,8.13999846322467,2.9709318360440484,0.14494020615410255
13,2,7.277429756709016,7.277429756709016,7.270797729363051,0,2.2995265166878216,6.714054834039869,1.4259436291848,8.13999846322467,2.4009248860289363,0.14494020615410255
13,3,7.26765824971535,7.26765824971535,7.270797729363051,0,2.2897550096941552,6.714054834039869,1.4259436291848,8.13999846322467,1.8504609500011568,0.14494020615410255
13,4,6.630883424503866,6.630883424503866,7.270797729363051,0,1.6529801844826717,6.714054834039869,1.4259436291848,8.13999846322467,2.573546664396345,0.302813069370872
13,5,7.000324913086571,7.000324913086571,7.270797729363051,0,2.0224216730653763,6.714054834039869,1.4259436291848,8.13999846322467,2.5577494016261233,0.302813069370872
13,6,6.388921591007925,6.388921591007925,7.270797729363051,0,1.4110183509867311,6.714054834039869,1.4259436291848,8.13999846322467,3.7647587830131926,0.302813069370872
13,7,8.359210661579972,8.359210661579972,7.270797729363051,0,3.381307421558777,6.714054834039869,1.4259436291848,8.13999846322467,1.031190023256169,0.2678803791737644
13,8,5.746214421056916,5.746214421056916,7.270797729363051,0,0.7683111810357208,6.714054834039869,1.4259436291848,8.13999846322467,3.523613744545258,0.2678803791737644
13,9,7.3774870548050195,7.3774870548050195,7.270797729363051,0,2.399583814783825,6.714054834039869,1.4259436291848,8.13999846322467,2.753492198338139,0.2678803791737644
13,10,6.782128161632462,6.782128161632462,7.270797729363051,0,1.8042249216112676,6.714054834039869,1.4259436291848,8.13999846322467,3.1740884384761348,0.20366201762033762
13,11,6.923037816319184,6.923037816319184,7.270797729363051,0,1.9451345762979888,6.714054834039869,1.4259436291848,8.13999846322467,3.3128653692406878,0.20366201762033762
13,12,7.858828526348022,7.858828526348022,7.270797729363051,0,2.8809252863268275,6.714054834039869,1.4259436291848,8.13999846322467,1.5800608799475637,0.20366201762033762
14,1,7.72708485124449,7.387376312530243,8.604928699812998,0.3397085387142469,1.4960691892466809,7.858828526348021,1.743057804980567,9.601886331328588,3.2690654810480964,0.3019790027764186
14,2,8.888318746832864,8.548610208118617,8.604928699812998,0.3397085387142469,2.657303084835056,7.858828526348021,1.743057804980567,9.601886331328588,2.6356022909718795,0.3019790027764186
14,3,8.358441639606475,8.018733100892229,8.604928699812998,0.3397085387142469,2.1274259776086666,7.858828526348021,1.743057804980567,9.601886331328588,3.0618933153484407,0.3019790027764186
14,4,8.834192499745486,8.49448396103124,8.604928699812998,0.3397085387142469,2.603176837747678,7.858828526348021,1.743057804980567,9.601886331328588,2.5366826194469803,0.35627315716449454
14,5,8.72572021993483,8.386011681220584,8.604928699812998,0.3397085387142469,2.4947045579370206,7.858828526348021,1.743057804980567,9.601886331328588,2.2284164831668325,0.35627315716449454
14,6,7.635179664296052,7.2954711255818046,8.604928699812998,0.3397085387142469,1.404164002298242,7.858828526348021,1.743057804980567,9.601886331328588,4.101231458164243,0.35627315716449454
14,7,10.137894419350276,9.79818588063603,8.604928699812998,0.3397085387142469,3.9068787573524686,7.858828526348021,1.743057804980567,9.601886331328588,0.9686169230532009,0.15477825485733337
14,8,6.7590711960962775,6.419362657382031,8.604928699812998,0.3397085387142469,0.5280555340984686,7.858828526348021,1.743057804980567,9.601886331328588,4.593648834450158,0.15477825485733337
14,9,8.659485400589515,8.319776861875269,8.604928699812998,0.3397085387142469,2.428469738591707,7.858828526348021,1.743057804980567,9.601886331328588,4.417852336860639,0.15477825485733337
14,10,8.447247064613316,8.10753852589907,8.604928699812998,0.3397085387142469,2.2162314026155068,7.858828526348021,1.743057804980567,9.601886331328588,4.666532511223519,0.22164334192805
14,11,9.593612276403961,9.253903737689715,8.604928699812998,0.3397085387142469,3.3625966144061534,7.858828526348021,1.743057804980567,9.601886331328588,2.622482262005107,0.22164334192805
14,12,8.145434149447889,7.805725610733642,8.604928699812998,0.3397085387142469,1.9144184874500803,7.858828526348021,1.743057804980567,9.601886331328588,3.4747882666988414,0.22164334192805
15,1,7.426547943240041,7.426547943240041,8.632654028398447,0,1.5162588583982874,7.805725610733643,1.4169851935111129,9.222710804244755,5.060072019350849,0.1760544485486955
15,2,8.20748387422627,8.20748387422627,8.632654028398447,0,2.2971947893845166,7.805725610733643,1.4169851935111129,9.222710804244755,5.083483910030399,0.1760544485486955
15,3,9.870346492544169,9.870346492544169,8.632654028398447,0,3.9600574077024158,7.805725610733643,1.4169851935111129,9.222710804244755,1.7811705640741504,0.1760544485486955
15,4,6.724051017513611,6.724051017513611,8.632654028398447,0,0.8137619326718571,7.805725610733643,1.4169851935111129,9.222710804244755,4.771448168179019,0.19002455344051217
15,5,10.288121339332584,10.288121339332584,8.632654028398447,0,4.37783225449083,7.805725610733643,1.4169851935111129,9.222710804244755,0.6335851286459411,0.19002455344051217
15,6,6.3545474500907275,6.3545474500907275,8.632654028398447,0,0.4442583652489742,7.805725610733643,1.4169851935111129,9.222710804244755,4.362869867596576,0.19002455344051217
15,7,9.906568854403949,9.906568854403949,8.632654028398447,0,3.9962797695621948,7.805725610733643,1.4169851935111129,9.222710804244755,0.9881117979207685,0.20010800037592885
15,8,6.53687602428789,6.53687602428789,8.632654028398447,0,0.6265869394461361,7.805725610733643,1.4169851935111129,9.222710804244755,4.352739388477078,0.20010800037592885
15,9,8.432125379982569,8.432125379982569,8.632654028398447,0,2.5218362951408144,7.805725610733643,1.4169851935111129,9.222710804244755,3.9268682676440303,0.20010800037592885
15,10,9.805934321386976,9.805934321386976,8.632654028398447,0,3.895645236545222,7.805725610733643,1.4169851935111129,9.222710804244755,0.7533792640021679,0.13819343707795148
15,11,6.301243494111659,6.301243494111659,8.632654028398447,0,0.39095440926990493,7.805725610733643,1.4169851935111129,9.222710804244755,4.58927191491094,0.13819343707795148
15,12,8.952328888242747,8.952328888242747,8.632654028398447,0,3.042039803400992,7.805725610733643,1.4169851935111129,9.222710804244755,3.1229937775575376,0.13819343707795148
16,1,9.42335142029276,8.698845127581324,9.810545530163939,0.7245062927114372,1.982120471116877,8.952328888242747,2.119792966871439,11.072121855114185,4.488177940801575,0.2990700037649079
16,2,10.5375208176758,9.813014524964363,9.810545530163939,0.7245062927114372,3.096289868499916,8.952328888242747,2.119792966871439,11.072121855114185,3.625023309279534,0.2990700037649079
16,3,10.13893220323856,9.414425910527124,9.810545530163939,0.7245062927114372,2.697701254062676,8.952328888242747,2.119792966871439,11.072121855114185,3.5590459066319724,0.2990700037649079
16,4,9.951374449866199,9.226868157154762,9.810545530163939,0.7245062927114372,2.510143500690315,8.952328888242747,2.119792966871439,11.072121855114185,3.8681840107291334,0.4074098238439392
16,5,9.793415309605196,9.068909016893759,9.810545530163939,0.7245062927114372,2.3521843604293107,8.952328888242747,2.119792966871439,11.072121855114185,4.493240395348302,0.4074098238439392
16,6,9.922700368619404,9.198194075907967,9.810545530163939,0.7245062927114372,2.48146941944352,8.952328888242747,2.119792966871439,11.072121855114185,4.859726661939053,0.4074098238439392
16,7,12.151403457493203,11.426897164781765,9.810545530163939,0.7245062927114372,4.710172508317318,8.952328888242747,2.119792966871439,11.072121855114185,0.7688067507822076,0.048391047307292025
16,8,7.908192570924978,7.183686278213541,9.810545530163939,0.7245062927114372,0.4669616217490932,8.952328888242747,2.119792966871439,11.072121855114185,5.164308612761811,0.048391047307292025
16,9,10.704105666206178,9.979599373494741,9.810545530163939,0.7245062927114372,3.262874717030294,8.952328888242747,2.119792966871439,11.072121855114185,3.967984284179014,0.048391047307292025
16,10,9.223815168634035,8.499308875922598,9.810545530163939,0.7245062927114372,1.7825842194581503,8.952328888242747,2.119792966871439,11.072121855114185,5.732240950740504,0.4548324787570754
16,11,11.273006575068207,10.54850028235677,9.810545530163939,0.7245062927114372,3.8317756258923232,8.952328888242747,2.119792966871439,11.072121855114185,3.398114804433649,0.4548324787570754
16,12,10.766279913245006,10.041773620533569,9.810545530163939,0.7245062927114372,3.325048964069122,8.952328888242747,2.119792966871439,11.072121855114185,2.0774419817731964,0.4548324787570754
17,1,10.631565588869528,9.439785362968843,10.784773311228149,1.1917802259006849,2.0560621448069534,10.04177362053357,2.63998886191583,12.6817624824494,4.024418187597229,0.3658583358760207
17,2,11.572254699446695,10.38047447354601,10.784773311228149,1.1917802259006849,2.9967512553841207,10.04177362053357,2.63998886191583,12.6817624824494,4.090016172266926,0.3658583358760207
17,3,10.683546499983086,9.491766274082401,10.784773311228149,1.1917802259006849,2.108043055920512,10.04177362053357,2.63998886191583,12.6817624824494,5.933030555863842,0.3658583358760207
17,4,13.62728846043415,12.435508234533465,10.784773311228149,1.1917802259006849,5.051785016371574,10.04177362053357,2.63998886191583,12.6817624824494,1.8885610185586312,0.2818911409021035
17,5,9.56361666590288,8.371836440002195,10.784773311228149,1.1917802259006849,0.9881132218403046,10.04177362053357,2.63998886191583,12.6817624824494,5.971435070315961,0.2818911409021035
17,6,13.565596370793648,12.373816144892963,10.784773311228149,1.1917802259006849,4.990092926731073,10.04177362053357,2.63998886191583,12.6817624824494,2.0503497122917533,0.2818911409021035
17,7,10.446823754449145,9.25504352854846,10.784773311228149,1.1917802259006849,1.8713203103865705,10.04177362053357,2.63998886191583,12.6817624824494,4.366809586956551,0.1765567577343965
17,8,11.901768616775758,10.709988390875074,10.784773311228149,1.1917802259006849,3.326265172713183,10.04177362053357,2.63998886191583,12.6817624824494,3.773379736968123,0.1765567577343965
17,9,11.321331358829298,10.129551132928613,10.784773311228149,1.1917802259006849,2.745827914766723,10.04177362053357,2.63998886191583,12.6817624824494,4.340824402872615,0.1765567577343965
17,10,10.891418138228312,9.699637912327628,10.784773311228149,1.1917802259006849,2.3159146941657385,10.04177362053357,2.63998886191583,12.6817624824494,5.768095509979077,0.10540836190801994
17,11,12.08010109156978,10.888320865669096,10.784773311228149,1.1917802259006849,3.504597647507205,10.04177362053357,2.63998886191583,12.6817624824494,4.818000710402606,0.10540836190801994
17,12,10.950560600775347,9.758780374874663,10.784773311228149,1.1917802259006849,2.3750571567127725,10.04177362053357,2.63998886191583,12.6817624824494,6.126986892414999,0.10540836190801994
18,1,11.219270736765026,11.219270736765026,10.517308114371493,0,4.0186657842438835,9.758780374874663,1.5425657950036993,11.301346169878363,3.964533908131104,0.06672035869626294
18,2,10.490949642663189,10.490949642663189,10.517308114371493,0,3.2903446901420477,9.758780374874663,1.5425657950036993,11.301346169878363,3.2587231120508813,0.06672035869626294
18,3,10.450379327665452,10.450379327665452,10.517308114371493,0,3.2497743751443107,9.758780374874663,1.5425657950036993,11.301346169878363,2.6340529459661326,0.06672035869626294
18,4,9.5133488034392,9.5133488034392,10.517308114371493,0,2.312743850918057,9.758780374874663,1.5425657950036993,11.301346169878363,3.8834438283338892,0.45723039590474085
18,5,10.107942927682842,10.107942927682842,10.517308114371493,0,2.9073379751617,9.758780374874663,1.5425657950036993,11.301346169878363,3.943646462214361,0.45723039590474085
18,6,9.306136927677247,9.306136927677247,10.517308114371493,0,2.1055319751561052,9.758780374874663,1.5425657950036993,11.301346169878363,5.6074610961060225,0.45723039590474085
18,7,11.094131485115328,11.094131485115328,10.517308114371493,0,3.893526532594186,9.758780374874663,1.5425657950036993,11.301346169878363,3.695286615121522,0.32852679106428856
18,8,10.105852441591507,10.105852441591507,10.517308114371493,0,2.9052474890703652,9.758780374874663,1.5425657950036993,11.301346169878363,3.7596702211846638,0.32852679106428856
18,9,9.595889073520848,9.595889073520848,10.517308114371493,0,2.3952841209997064,9.758780374874663,1.5425657950036993,11.301346169878363,4.843980563389124,0.32852679106428856
18,10,10.601330182944654,10.601330182944654,10.517308114371493,0,3.400725230423511,9.758780374874663,1.5425657950036993,11.301346169878363,3.917408686745973,0.18962232972473117
18,11,9.83342848740459,9.83342848740459,10.517308114371493,0,2.6328235348834466,9.758780374874663,1.5425657950036993,11.301346169878363,4.526640201182952,0.18962232972473117
18,12,11.25013254524115,11.25013254524115,10.517308114371493,0,4.049527592720008,9.758780374874663,1.5425657950036993,11.301346169878363,2.3024635999468073,0.18962232972473117
19,1,11.334397866883673,9.566215799630992,11.920820922758688,1.7681820672526807,1.4047051506046742,11.25013254524115,3.2764912827560098,14.52662382799716,6.340985468684661,0.43121929477516074
19,2,13.600065758542325,11.831883691289644,11.920820922758688,1.7681820672526807,3.6703730422633245,11.25013254524115,3.2764912827560098,14.52662382799716,5.848171554105212,0.43121929477516074
19,3,14.880034695301429,13.111852628048748,11.920820922758688,1.7681820672526807,4.950341979022428,11.25013254524115,3.2764912827560098,14.52662382799716,2.795419766007556,0.43121929477516074
19,4,11.428611224100807,9.660429156848126,11.920820922758688,1.7681820672526807,1.498918507821808,11.25013254524115,3.2764912827560098,14.52662382799716,6.645514920311141,0.1583084462588931
19,5,13.455972555640423,11.687790488387742,11.920820922758688,1.7681820672526807,3.526279839361423,11.25013254524115,3.2764912827560098,14.52662382799716,6.4408874115354955,0.1583084462588931
19,6,14.528273790533689,12.760091723281008,11.920820922758688,1.7681820672526807,4.59858107425469,11.25013254524115,3.2764912827560098,14.52662382799716,4.091657432973318,0.1583084462588931
19,7,12.4348014937305,10.66661942647782,11.920820922758688,1.7681820672526807,2.5051087774515,11.25013254524115,3.2764912827560098,14.52662382799716,5.92937204801752,0.349236030433103
19,8,13.976895870896797,12.208713803644116,11.920820922758688,1.7681820672526807,4.047203154617798,11.25013254524115,3.2764912827560098,14.52662382799716,4.682897908729125,0.349236030433103
19,9,14.41550105182743,12.64731898457475,11.920820922758688,1.7681820672526807,4.48580833554843,11.25013254524115,3.2764912827560098,14.52662382799716,2.559213407579466,0.349236030433103
19,10,12.38698437668623,10.61880230943355,11.920820922758688,1.7681820672526807,2.457291660407231,11.25013254524115,3.2764912827560098,14.52662382799716,4.492562256712206,0.18375729455342818
19,11,14.07045241809345,12.302270350840768,11.920820922758688,1.7681820672526807,4.140759701814448,11.25013254524115,3.2764912827560098,14.52662382799716,3.0589750230305093,0.18375729455342818
19,12,12.326013562134143,10.557831494881462,11.920820922758688,1.7681820672526807,2.396320845855143,11.25013254524115,3.2764912827560098,14.52662382799716,5.114265501267424,0.18375729455342818
20,1,8.660480310341221,8.660480310341221,10.56442947731643,0,5.010500391329028,10.557831494881459,1.6542965006782646,12.212127995559722,8.915565852782871,0.1601222384181831
20,2,12.116207826410287,12.116207826410287,10.56442947731643,0,8.466227907398094,10.557831494881459,1.6542965006782646,12.212127995559722,5.805411172160186,0.1601222384181831
20,3,9.329657528384898,9.329657528384898,10.56442947731643,0,5.679677609372705,10.557831494881459,1.6542965006782646,12.212127995559722,8.26835708758828,0.1601222384181831
20,4,11.502710113553,11.502710113553,10.56442947731643,0,7.852730194540809,10.557831494881459,1.6542965006782646,12.212127995559722,6.385197832680167,0.3338729772673452
20,5,9.806684266671704,9.806684266671704,10.56442947731643,0,6.156704347659511,10.557831494881459,1.6542965006782646,12.212127995559722,7.894090271534648,0.3338729772673452
20,6,11.250132392702554,11.250132392702554,10.56442947731643,0,7.600152473690361,10.557831494881459,1.6542965006782646,12.212127995559722,6.51608645832743,0.3338729772673452
20,7,9.986751286601521,9.986751286601521,10.56442947731643,0,6.3367713675893285,10.557831494881459,1.6542965006782646,12.212127995559722,7.664844857322277,0.4426838530555752
20,8,11.157746008416293,11.157746008416293,10.56442947731643,0,7.5077660894041,10.557831494881459,1.6542965006782646,12.212127995559722,6.47161381268758,0.4426838530555752
20,9,9.914953503520426,9.914953503520426,10.56442947731643,0,6.264973584508233,10.557831494881459,1.6542965006782646,12.212127995559722,7.763967777844617,0.4426838530555752
20,10,11.326251199770278,11.326251199770278,10.56442947731643,0,7.676271280758086,10.557831494881459,1.6542965006782646,12.212127995559722,6.23372635050195,0.16008893548565398
20,11,9.708001995266565,9.708001995266565,10.56442947731643,0,6.058022076254373,10.557831494881459,1.6542965006782646,12.212127995559722,7.939983332166708,0.16008893548565398
20,12,11.368877254703976,11.368877254703976,10.56442947731643,0,7.718897335691784,10.557831494881459,1.6542965006782646,12.212127995559722,6.324489794956644,0.16008893548565398
21,1,10.20778716392159,10.20778716392159,11.602770476814424,0,6.1990634239210225,11.368877254703982,1.608866850610438,12.97774410531442,8.880563198631869,0.29679045512768665
21,2,12.690452198886263,12.690452198886263,11.602770476814424,0,8.681728458885695,11.368877254703982,1.608866850610438,12.97774410531442,6.471306532377749,0.29679045512768665
21,3,10.209366371402687,10.209366371402687,11.602770476814424,0,6.200642631402119,11.368877254703982,1.608866850610438,12.97774410531442,9.02422152109078,0.29679045512768665
21,4,12.777483284665164,12.777483284665164,11.602770476814424,0,8.768759544664597,11.368877254703982,1.608866850610438,12.97774410531442,6.440902683278857,0.10943996077403066
21,5,10.291283375773308,10.291283375773308,11.602770476814424,0,6.282559635772739,11.368877254703982,1.608866850610438,12.97774410531442,8.829983663250648,0.10943996077403066
21,6,12.71291920179886,12.71291920179886,11.602770476814424,0,8.704195461798292,11.368877254703982,1.608866850610438,12.97774410531442,6.375792991171334,0.10943996077403066
21,7,10.250161320519894,10.250161320519894,11.602770476814424,0,6.241437580519327,11.368877254703982,1.608866850610438,12.97774410531442,8.847118081649953,0.3184634701591036
21,8,12.420800290042386,12.420800290042386,11.602770476814424,0,8.412076550041819,11.368877254703982,1.608866850610438,12.97774410531442,6.977165233083586,0.3184634701591036
21,9,10.780465989851068,10.780465989851068,11.602770476814424,0,6.771742249850501,11.368877254703982,1.608866850610438,12.97774410531442,8.387880984899855,0.3184634701591036
21,10,12.24003032645209,12.24003032645209,11.602770476814424,0,8.231306586451522,11.368877254703982,1.608866850610438,12.97774410531442,6.879468063514082,0.12570050199280722
21,11,10.824706651929743,10.824706651929743,11.602770476814424,0,6.815982911929176,11.368877254703982,1.608866850610438,12.97774410531442,8.201702491173002,0.12570050199280722
21,12,12.006617228623238,12.006617228623238,11.602770476814424,0,7.997893488622672,11.368877254703982,1.608866850610438,12.97774410531442,7.160115765444931,0.12570050199280722
22,1,11.330894195172956,11.330894195172956,12.471642142435208,0,7.021977800327753,12.006617228623238,1.5679801655493941,13.574597394172631,8.976586746157466,0.17368872405442154
22,2,13.018071073723139,13.018071073723139,12.471642142435208,0,8.709154678877935,12.006617228623238,1.5679801655493941,13.574597394172631,7.418703969769636,0.17368872405442154
22,3,11.68556414251325,11.68556414251325,12.471642142435208,0,7.3766477476680485,12.006617228623238,1.5679801655493941,13.574597394172631,8.525835055801581,0.17368872405442154
22,4,12.714756831406756,12.714756831406756,12.471642142435208,0,8.405840436561553,12.006617228623238,1.5679801655493941,13.574597394172631,7.574580764046516,0.351011441383011
22,5,11.526990857753301,11.526990857753301,12.471642142435208,0,7.218074462908098,12.006617228623238,1.5679801655493941,13.574597394172631,8.99885841959836,0.351011441383011
22,6,12.939726808390986,12.939726808390986,12.471642142435208,0,8.630810413545783,12.006617228623238,1.5679801655493941,13.574597394172631,7.5976641738748345,0.351011441383011
22,7,11.489160470761744,11.489160470761744,12.471642142435208,0,7.180244075916542,12.006617228623238,1.5679801655493941,13.574597394172631,9.097602603409793,0.4169244958792994
22,8,13.367364612635612,13.367364612635612,12.471642142435208,0,9.05844821779041,12.006617228623238,1.5679801655493941,13.574597394172631,6.8411327491970155,0.4169244958792994
22,9,10.994112995276112,10.994112995276112,12.471642142435208,0,6.68519660043091,12.006617228623238,1.5679801655493941,13.574597394172631,9.331166129703238,0.4169244958792994
22,10,13.634778009526073,13.634778009526073,12.471642142435208,0,9.325861614680871,12.006617228623238,1.5679801655493941,13.574597394172631,6.5398694817095375,0.18768068332025012
22,11,10.675241417213584,10.675241417213584,12.471642142435208,0,6.3663250223683825,12.006617228623238,1.5679801655493941,13.574597394172631,9.667646018340815,0.18768068332025012
22,12,13.774627784193289,13.774627784193289,12.471642142435208,0,9.465711389348087,12.006617228623238,1.5679801655493941,13.574597394172631,6.596649821012683,0.18768068332025012
23,1,12.47961488388008,11.234874040172915,14.19537988145364,1.2447408437071648,6.330411227362609,13.774627784193287,2.775922992701619,16.550550776894905,12.096909406313777,0.330793862820778
23,2,18.185083587173757,16.940342743466594,14.19537988145364,1.2447408437071648,12.03587993065629,13.774627784193287,2.775922992701619,16.550550776894905,6.186231585027514,0.330793862820778
23,3,12.207218476924536,10.962477633217372,14.19537988145364,1.2447408437071648,6.058014820407065,13.774627784193287,2.775922992701619,16.550550776894905,12.231283984239697,0.330793862820778
23,4,17.77974164673786,16.535000803030698,14.19537988145364,1.2447408437071648,11.63053799022039,13.774627784193287,2.775922992701619,16.550550776894905,7.13129004382523,0.1351314535772853
23,5,13.116851467366839,11.872110623659674,14.19537988145364,1.2447408437071648,6.967647810849368,13.774627784193287,2.775922992701619,16.550550776894905,11.357076462152808,0.1351314535772853
23,6,17.406313372296665,16.1615725285895,14.19537988145364,1.2447408437071648,11.257109715779192,13.774627784193287,2.775922992701619,16.550550776894905,7.003939070620737,0.1351314535772853
23,7,13.077330377983644,11.83258953427648,14.19537988145364,1.2447408437071648,6.928126721466174,13.774627784193287,2.775922992701619,16.550550776894905,11.308767667714704,0.20882137480216956
23,8,16.960106548887488,15.715365705180325,14.19537988145364,1.2447408437071648,10.810902892370018,13.774627784193287,2.775922992701619,16.550550776894905,7.848043923000981,0.20882137480216956
23,9,13.836174860778007,12.591434017070842,14.19537988145364,1.2447408437071648,7.6869712042605345,13.774627784193287,2.775922992701619,16.550550776894905,10.635183554506224,0.20882137480216956
23,10,16.255130403747973,15.010389560040808,14.19537988145364,1.2447408437071648,10.105926747230502,13.774627784193287,2.775922992701619,16.550550776894905,8.584412100071534,0.21080452636238745
23,11,14.340849375553166,13.096108531846001,14.19537988145364,1.2447408437071648,8.191645719035694,13.774627784193287,2.775922992701619,16.550550776894905,10.362202702026458,0.21080452636238745
23,12,16.45455643730304,15.209815593595874,14.19537988145364,1.2447408437071648,10.305352780785567,13.774627784193287,2.775922992701619,16.550550776894905,7.912579180481638,0.21080452636238745
24,1,13.187962053512855,13.187962053512855,15.970706916913615,0,7.670128869588635,15.209815593595874,1.6225380184657252,16.8323536120616,12.717177583965416,0.21940314026317834
24,2,17.826903340174383,17.826903340174383,15.970706916913615,0,12.309070156250163,15.209815593595874,1.6225380184657252,16.8323536120616,8.243893414126138,0.21940314026317834
24,3,13.673863414380346,13.673863414380346,15.970706916913615,0,8.156030230456125,15.209815593595874,1.6225380184657252,16.8323536120616,12.076689095874935,0.21940314026317834
24,4,17.472607426518206,17.472607426518206,15.970706916913615,0,11.954774242593984,15.209815593595874,1.6225380184657252,16.8323536120616,8.311996753348012,0.41670357361459065
24,5,13.801971260571666,13.801971260571666,15.970706916913615,0,8.284138076647444,15.209815593595874,1.6225380184657252,16.8323536120616,11.88857674271417,0.41670357361459065
24,6,16.831426125087127,16.831426125087127,15.970706916913615,0,11.313592941162907,15.209815593595874,1.6225380184657252,16.8323536120616,9.406247003049403,0.41670357361459065
24,7,14.430745979821511,14.430745979821511,15.970706916913615,0,8.91291279589729,15.209815593595874,1.6225380184657252,16.8323536120616,11.72527755391587,0.1879138647768192
24,8,17.04068764003504,17.04068764003504,15.970706916913615,0,11.522854456110817,15.209815593595874,1.6225380184657252,16.8323536120616,8.824424784355282,0.1879138647768192
24,9,14.209243999179431,14.209243999179431,15.970706916913615,0,8.69141081525521,15.209815593595874,1.6225380184657252,16.8323536120616,11.586459296505907,0.1879138647768192
24,10,16.713789605609755,16.713789605609755,15.970706916913615,0,11.195956421685535,15.209815593595874,1.6225380184657252,16.8323536120616,9.339402595795885,0.49036531719063386
24,11,14.460642556311083,14.460642556311083,15.970706916913615,0,8.942809372386861,15.209815593595874,1.6225380184657252,16.8323536120616,11.598639993683209,0.49036531719063386
24,12,16.5896692642657,16.5896692642657,15.970706916913615,0,11.07183608034148,15.209815593595874,1.6225380184657252,16.8323536120616,9.599823975661295,0.49036531719063386
25,1,16.40686869020662,15.541278818426026,17.386800671441147,0.8655898717805912,9.534189326003352,16.5896692642657,2.4458740883997443,19.035543352665446,12.493736274516094,0.28140597401950423
25,2,19.2772824138957,18.41169254211511,17.386800671441147,0.8655898717805912,12.404603049692437,16.5896692642657,2.4458740883997443,19.035543352665446,9.646821125992725,0.28140597401950423
25,3,16.28601506131925,15.420425189538658,17.386800671441147,0.8655898717805912,9.413335697115985,16.5896692642657,2.4458740883997443,19.035543352665446,12.782440682622259,0.28140597401950423
25,4,19.589653219730064,18.72406334794947,17.386800671441147,0.8655898717805912,12.716973855526799,16.5896692642657,2.4458740883997443,19.035543352665446,9.310783922430165,0.17062725549543076
25,5,15.830929776058428,14.965339904277837,17.386800671441147,0.8655898717805912,8.958250411855165,16.5896692642657,2.4458740883997443,19.035543352665446,13.35657404958134,0.17062725549543076
25,6,20.103142697022037,19.237552825241444,17.386800671441147,0.8655898717805912,13.23046333281877,16.5896692642657,2.4458740883997443,19.035543352665446,8.857938334805302,0.17062725549543076
25,7,15.495375536668606,14.629785664888015,17.386800671441147,0.8655898717805912,8.622696172465343,16.5896692642657,2.4458740883997443,19.035543352665446,13.574836940736121,0.08330247799655653
25,8,20.296429455539162,19.43083958375857,17.386800671441147,0.8655898717805912,13.423750091335897,16.5896692642657,2.4458740883997443,19.035543352665446,8.689627708925832,0.08330247799655653
25,9,15.498992066603934,14.633402194823343,17.386800671441147,0.8655898717805912,8.62631270240067,16.5896692642657,2.4458740883997443,19.035543352665446,13.399293254985995,0.08330247799655653
25,10,19.94168458352405,19.07609471174346,17.386800671441147,0.8655898717805912,13.069005219320786,16.5896692642657,2.4458740883997443,19.035543352665446,9.223573767205927,0.4591892877314786
25,11,15.98395192395442,15.11836205217383,17.386800671441147,0.8655898717805912,9.111272559751157,16.5896692642657,2.4458740883997443,19.035543352665446,12.963319598565118,0.4591892877314786
25,12,19.469629473038705,18.604039601258112,17.386800671441147,0.8655898717805912,12.596950108835438,16.5896692642657,2.4458740883997443,19.035543352665446,9.731710331755744,0.4591892877314786
