1,1,14.523472740883982,14.523472740883982,10.402321127474497,0,7.241847951651833,10.000000000000002,2.0,12.000000000000002,1.3553756457065376,0.2
1,2,8.384031162972429,8.384031162972429,10.402321127474497,0,1.1024063737402812,10.000000000000002,2.0,12.000000000000002,4.989634447236179,0.2
1,3,9.263821987093282,9.263821987093282,10.402321127474497,0,1.9821971978611337,10.000000000000002,2.0,12.000000000000002,6.864311600524115,0.2
1,4,10.843318103062145,10.843318103062145,10.402321127474497,0,3.5616933138299984,10.000000000000002,2.0,12.000000000000002,5.579996521874322,0.2
1,5,12.850853574733504,12.850853574733504,10.402321127474497,0,5.569228785501356,10.000000000000002,2.0,12.000000000000002,0.28061049988181264,0.2
1,6,7.39098253495934,7.39098253495934,10.402321127474497,0,0.10935774572719237,10.000000000000002,2.0,12.000000000000002,5.9009665574376315,0.2
1,7,9.791277389020202,9.791277389020202,10.402321127474497,0,2.5096525997880548,10.000000000000002,2.0,12.000000000000002,6.720732906871726,0.2
1,8,12.839992155210865,12.839992155210865,10.402321127474497,0,5.558367365978716,10.000000000000002,2.0,12.000000000000002,1.4430697239244958,0.2
1,9,8.383426359814349,8.383426359814349,10.402321127474497,0,1.1018015705822017,10.000000000000002,2.0,12.000000000000002,5.078538131770296,0.2
1,10,11.59339046801198,11.59339046801198,10.402321127474497,0,4.311765678779833,10.000000000000002,2.0,12.000000000000002,2.294078323220834,0.2
1,11,8.125446619531358,8.125446619531358,10.402321127474497,0,0.8438218302992105,10.000000000000002,2.0,12.000000000000002,6.445506211632616,0.2
1,12,9.479541760022702,9.479541760022702,10.402321127474497,0,2.197916970790554,10.000000000000002,2.0,12.000000000000002,7.888743819061712,0.2
2,1,14.621939399895371,14.621939399895371,9.915499229562082,0,7.6810899392019145,9.479541760022702,1.92,11.399541760022702,-1.9600939911442472,0.2
2,2,6.940849460693457,6.940849460693457,9.915499229562082,0,0,9.479541760022702,1.92,11.399541760022702,3.553248077053623,0.2
2,3,8.222296304064685,8.222296304064685,9.915499229562082,0,1.281446843371228,9.479541760022702,1.92,11.399541760022702,6.5036964585090375,0.2
2,4,11.447199951622238,11.447199951622238,9.915499229562082,0,4.5063504909287815,9.479541760022702,1.92,11.399541760022702,3.004337544849345,0.2
2,5,9.13872455474809,9.13872455474809,9.915499229562082,0,2.1978750940546345,9.479541760022702,1.92,11.399541760022702,4.121929424937946,0.2
2,6,10.958453330083383,10.958453330083383,9.915499229562082,0,4.017603869389927,9.479541760022702,1.92,11.399541760022702,1.6000637543559622,0.2
2,7,8.06411502686977,8.06411502686977,9.915499229562082,0,1.1232655661763133,9.479541760022702,1.92,11.399541760022702,4.866874690201206,0.2
2,8,9.665387204278723,9.665387204278723,9.915499229562082,0,2.724537743585266,9.479541760022702,1.92,11.399541760022702,4.931141271228544,0.2
2,9,9.980906292630308,9.980906292630308,9.915499229562082,0,3.0400568319368517,9.479541760022702,1.92,11.399541760022702,4.364369675552711,0.2
2,10,8.866824733815818,8.866824733815818,9.915499229562082,0,1.9259752731223623,9.479541760022702,1.92,11.399541760022702,6.025761197505857,0.2
2,11,11.149925502868657,11.149925502868657,9.915499229562082,0,4.2090760421752,9.479541760022702,1.92,11.399541760022702,3.1209511813533277,0.2
2,12,8.303354323219668,8.303354323219668,9.915499229562082,0,1.3625048625262108,9.479541760022702,1.92,11.399541760022702,5.909283524498775,0.2
3,1,10.248772393680213,10.248772393680213,8.659280810768069,0,4.1872758261425655,8.303354323219667,1.848,10.151354323219667,2.3743738711260844,0.2
3,2,7.565471115189171,7.565471115189171,8.659280810768069,0,1.503974547651523,8.303354323219667,1.848,10.151354323219667,4.206066774735478,0.2
3,3,8.847889961168732,8.847889961168732,8.659280810768069,0,2.7863933936310854,8.303354323219667,1.848,10.151354323219667,3.4729219863857477,0.2
3,4,9.104363303457003,9.104363303457003,8.659280810768069,0,3.042866735919354,8.303354323219667,1.848,10.151354323219667,2.226830513459478,0.2
3,5,7.870924444469995,7.870924444469995,8.659280810768069,0,1.8094278769323466,8.303354323219667,1.848,10.151354323219667,3.447616758507224,0.2
3,6,7.26243729434649,7.26243729434649,8.659280810768069,0,1.2009407268088415,8.303354323219667,1.848,10.151354323219667,5.88537730380198,0.2
3,7,10.596122424570169,10.596122424570169,8.659280810768069,0,4.53462585703252,8.303354323219667,1.848,10.151354323219667,1.655767588649379,0.2
3,8,7.304049744424993,7.304049744424993,8.659280810768069,0,1.2425531768873448,8.303354323219667,1.848,10.151354323219667,4.010303233787129,0.2
3,9,9.588999632344567,9.588999632344567,8.659280810768069,0,3.5275030648069183,8.303354323219667,1.848,10.151354323219667,1.7949391030857305,0.2
3,10,6.856885376381591,6.856885376381591,8.659280810768069,0,0.7953888088439427,8.303354323219667,1.848,10.151354323219667,5.043803484310284,0.2
3,11,9.754782667217961,9.754782667217961,8.659280810768069,0,3.693286099680313,8.303354323219667,1.848,10.151354323219667,2.496873283862097,0.2
3,12,7.890183360729292,7.890183360729292,8.659280810768069,0,1.8286867931916442,8.303354323219667,1.848,10.151354323219667,3.6791416963912478,0.2
4,1,7.6727421824778315,7.6727421824778315,8.276611131815082,0,1.8791143902072744,7.890183360729293,1.7832000000000001,9.673383360729293,4.50045182397996,0.2
4,2,9.890021895427275,9.890021895427275,8.276611131815082,0,4.096394103156718,7.890183360729293,1.7832000000000001,9.673383360729293,0.8872025256697853,0.2
4,3,6.4259883635884565,6.4259883635884565,8.276611131815082,0,0.6323605713178991,7.890183360729293,1.7832000000000001,9.673383360729293,4.202020291037248,0.2
4,4,9.942026374722525,9.942026374722525,8.276611131815082,0,4.148398582451968,7.890183360729293,1.7832000000000001,9.673383360729293,0.4847620341365726,0.2
4,5,6.089120580465362,6.089120580465362,8.276611131815082,0,0.2954927881948048,7.890183360729293,1.7832000000000001,9.673383360729293,4.473315365750223,0.2
4,6,7.531163592649285,7.531163592649285,8.276611131815082,0,1.737535800378727,7.890183360729293,1.7832000000000001,9.673383360729293,5.57778267299603,0.2
4,7,9.453666320562075,9.453666320562075,8.276611131815082,0,3.6600385282915164,7.890183360729293,1.7832000000000001,9.673383360729293,2.8372445244162563,0.2
4,8,7.502359239584441,7.502359239584441,8.276611131815082,0,1.7087314473138837,7.890183360729293,1.7832000000000001,9.673383360729293,3.999320537791749,0.2
4,9,9.557619090307735,9.557619090307735,8.276611131815082,0,3.7639912980371775,7.890183360729293,1.7832000000000001,9.673383360729293,1.050876849720654,0.2
4,10,6.630452534484566,6.630452534484566,8.276611131815082,0,0.8368247422140088,7.890183360729293,1.7832000000000001,9.673383360729293,3.956766273295897,0.2
4,11,9.447538311969922,9.447538311969922,8.276611131815082,0,3.653910519699364,7.890183360729293,1.7832000000000001,9.673383360729293,1.228484141900429,0.2
4,12,6.6685786762965,6.6685786762965,8.276611131815082,0,0.8749508840259427,7.890183360729293,1.7832000000000001,9.673383360729293,4.058121281851804,0.2
5,1,7.889831454798088,7.889831454798088,6.947659887734458,0,3.0264695333839677,6.6685786762965,1.7248800000000004,8.3934586762965,1.8946969362865858,0.2
5,2,5.885638559483331,5.885638559483331,6.947659887734458,0,1.0222766380692103,6.6685786762965,1.7248800000000004,8.3934586762965,3.739658381350882,0.2
5,3,8.141747756665257,8.141747756665257,6.947659887734458,0,3.2783858352511364,6.6685786762965,1.7248800000000004,8.3934586762965,1.072401432051326,0.2
5,4,5.414153238540504,5.414153238540504,6.947659887734458,0,0.5507913171263832,6.6685786762965,1.7248800000000004,8.3934586762965,3.860333519001277,0.2
5,5,6.852516220606618,6.852516220606618,6.947659887734458,0,1.9891542991924978,6.6685786762965,1.7248800000000004,8.3934586762965,3.7715396418189986,0.2
5,6,6.526331295021595,6.526331295021595,6.947659887734458,0,1.6629693736074742,6.6685786762965,1.7248800000000004,8.3934586762965,4.335115615806767,0.2
5,7,6.968561102806611,6.968561102806611,6.947659887734458,0,2.1051991813924897,6.6685786762965,1.7248800000000004,8.3934586762965,4.014231974224504,0.2
5,8,7.89670277721271,7.89670277721271,6.947659887734458,0,3.033340855798589,6.6685786762965,1.7248800000000004,8.3934586762965,1.8370649838300435,0.2
5,9,5.613307631934343,5.613307631934343,6.947659887734458,0,0.7499457105202224,6.6685786762965,1.7248800000000004,8.3934586762965,4.226688283992315,0.2
5,10,7.281406539641363,7.281406539641363,6.947659887734458,0,2.418044618227243,6.6685786762965,1.7248800000000004,8.3934586762965,3.280113768740547,0.2
5,11,7.334369700289182,7.334369700289182,6.947659887734458,0,2.471007778875062,6.6685786762965,1.7248800000000004,8.3934586762965,2.2276129321931406,0.2
5,12,6.854423256998339,6.854423256998339,6.947659887734458,0,1.9910613355842186,6.6685786762965,1.7248800000000004,8.3934586762965,2.1350049822274206,0.2
6,1,5.807295235420867,5.807295235420867,7.244842672245982,0,0.7359053648486795,6.85442325699834,1.672392,8.52681525699834,4.61968044063001,0.2
6,2,7.797504066240548,7.797504066240548,7.244842672245982,0,2.7261141956683614,6.85442325699834,1.672392,8.52681525699834,3.1239382373932347,0.2
6,3,6.735108700738934,6.735108700738934,7.244842672245982,0,1.6637188301667467,6.85442325699834,1.672392,8.52681525699834,3.752986765159689,0.2
6,4,8.09226155206271,8.09226155206271,7.244842672245982,0,3.0208716814905245,6.85442325699834,1.672392,8.52681525699834,1.6677295902785882,0.2
6,5,6.124883164054125,6.124883164054125,7.244842672245982,0,1.0534932934819379,6.85442325699834,1.672392,8.52681525699834,3.5172291914146605,0.2
6,6,8.0928618642509,8.0928618642509,7.244842672245982,0,3.0214719936787118,6.85442325699834,1.672392,8.52681525699834,1.430771392157184,0.2
6,7,5.591628122407739,5.591628122407739,7.244842672245982,0,0.5202382518355522,6.85442325699834,1.672392,8.52681525699834,4.346781076586027,0.2
6,8,9.03647912329496,9.03647912329496,7.244842672245982,0,3.9650892527227737,6.85442325699834,1.672392,8.52681525699834,0.3730887592404284,0.2
6,9,5.386233431813283,5.386233431813283,7.244842672245982,0,0.31484356124109636,6.85442325699834,1.672392,8.52681525699834,3.699887824858184,0.2
6,10,8.179652655933495,8.179652655933495,7.244842672245982,0,3.1082627853613074,6.85442325699834,1.672392,8.52681525699834,1.4398484422355162,0.2
6,11,5.566945865819146,5.566945865819146,7.244842672245982,0,0.4955559952469594,6.85442325699834,1.672392,8.52681525699834,4.405222639841545,0.2
6,12,8.226000367947284,8.226000367947284,7.244842672245982,0,3.1546104973750975,6.85442325699834,1.672392,8.52681525699834,2.0524878331912983,0.2
7,1,8.03438830692207,8.03438830692207,8.971474140932798,0,1.754356408269112,8.226000367947284,1.6251528000000002,9.851153167947285,3.1811857282272404,0.2
7,2,7.844836717428307,7.844836717428307,8.971474140932798,0,1.5648048187753485,8.226000367947284,1.6251528000000002,9.851153167947285,4.688986802250709,0.2
7,3,8.904522843872778,8.904522843872778,8.971474140932798,0,2.624490945219819,8.226000367947284,1.6251528000000002,9.851153167947285,4.077415623385237,0.2
7,4,9.93820837990294,9.93820837990294,8.971474140932798,0,3.6581764812499817,8.226000367947284,1.6251528000000002,9.851153167947285,1.398473372459439,0.2
7,5,7.364002934562161,7.364002934562161,8.971474140932798,0,1.0839710359092027,8.226000367947284,1.6251528000000002,9.851153167947285,3.8679420122151993,0.2
7,6,9.482936302459347,9.482936302459347,8.971474140932798,0,3.202904403806389,8.226000367947284,1.6251528000000002,9.851153167947285,2.0995439161765876,0.2
7,7,7.523129995173909,7.523129995173909,8.971474140932798,0,1.2430980965209506,8.226000367947284,1.6251528000000002,9.851153167947285,4.250758434708853,0.2
7,8,8.51010353091659,8.51010353091659,8.971474140932798,0,2.2300716322636314,8.226000367947284,1.6251528000000002,9.851153167947285,4.428025881755756,0.2
7,9,8.76241623359493,8.76241623359493,8.971474140932798,0,2.4823843349419725,8.226000367947284,1.6251528000000002,9.851153167947285,4.100667923445978,0.2
7,10,8.300621763513455,8.300621763513455,8.971474140932798,0,2.020589864860496,8.226000367947284,1.6251528000000002,9.851153167947285,4.696898905299152,0.2
7,11,9.923364342745913,9.923364342745913,8.971474140932798,0,3.6433324440929553,8.226000367947284,1.6251528000000002,9.851153167947285,2.047644728687408,0.2
7,12,7.728000344869713,7.728000344869713,8.971474140932798,0,1.4479684462167544,8.226000367947284,1.6251528000000002,9.851153167947285,3.789118547828065,0.2
8,1,9.637805815081963,9.637805815081963,8.46818784521,0,3.710074323434963,7.728000344869713,1.5826375200000002,9.310637864869713,0.709695107743852,0.2
8,2,6.347058344234147,6.347058344234147,8.46818784521,0,0.41932685258714686,7.728000344869713,1.5826375200000002,9.310637864869713,4.211766609355271,0.2
8,3,8.165621447895134,8.165621447895134,8.46818784521,0,2.237889956248135,7.728000344869713,1.5826375200000002,9.310637864869713,4.076711903644715,0.2
8,4,9.909455656198315,9.909455656198315,8.46818784521,0,3.9817241645513137,7.728000344869713,1.5826375200000002,9.310637864869713,0.45398878132779963,0.2
8,5,6.326392356058115,6.326392356058115,8.46818784521,0,0.3986608644111145,7.728000344869713,1.5826375200000002,9.310637864869713,3.997392259291283,0.2
8,6,7.981512199924603,7.981512199924603,8.46818784521,0,2.0537807082776025,7.728000344869713,1.5826375200000002,9.310637864869713,4.230556049521791,0.2
8,7,9.634944645983033,9.634944645983033,8.46818784521,0,3.7072131543360327,7.728000344869713,1.5826375200000002,9.310637864869713,1.1568549476354382,0.2
8,8,6.725773197574867,6.725773197574867,8.46818784521,0,0.798041705927867,7.728000344869713,1.5826375200000002,9.310637864869713,3.9014967425654175,0.2
8,9,9.06044110359361,9.06044110359361,8.46818784521,0,3.132709611946609,7.728000344869713,1.5826375200000002,9.310637864869713,1.9768027254579121,0.2
8,10,7.738395502948683,7.738395502948683,8.46818784521,0,1.8106640113016832,7.728000344869713,1.5826375200000002,9.310637864869713,2.6961999096402587,0.2
8,11,7.672731044647054,7.672731044647054,8.46818784521,0,1.744999553000054,7.728000344869713,1.5826375200000002,9.310637864869713,3.5469260104258638,0.2
8,12,8.263241872343897,8.263241872343897,8.46818784521,0,2.335510380696898,7.728000344869713,1.5826375200000002,9.310637864869713,3.216630455817781,0.2
9,1,8.88444832082424,8.88444832082424,9.227381979200324,0,2.4252809353840137,8.263241872343897,1.544373768,9.807615640343897,2.9383576657135215,0.2
9,2,8.046846154476777,8.046846154476777,9.227381979200324,0,1.5876787690365506,8.263241872343897,1.544373768,9.807615640343897,4.335289208304189,0.2
9,3,9.64927314427677,9.64927314427677,9.227381979200324,0,3.190105758836543,8.263241872343897,1.544373768,9.807615640343897,2.527366771294872,0.2
9,4,8.039327039453843,8.039327039453843,9.227381979200324,0,1.5801596540136162,8.263241872343897,1.544373768,9.807615640343897,3.939336543931408,0.2
9,5,7.9824614357594985,7.9824614357594985,9.227381979200324,0,1.5232940503192727,8.263241872343897,1.544373768,9.807615640343897,5.465037523956632,0.2
9,6,11.84815672979489,11.84815672979489,9.227381979200324,0,5.388989344354665,8.263241872343897,1.544373768,9.807615640343897,-0.7406520840889295,0.2
9,7,6.459167385440226,6.459167385440226,9.227381979200324,0,0,8.263241872343897,1.544373768,9.807615640343897,3.831636996574839,0.2
9,8,7.923809700748985,7.923809700748985,9.227381979200324,0,1.464642315308759,8.263241872343897,1.544373768,9.807615640343897,5.4746414466210895,0.2
9,9,11.244011777557807,11.244011777557807,9.227381979200324,0,4.784844392117581,8.263241872343897,1.544373768,9.807615640343897,0.4772417430496967,0.2
9,10,6.660845516565558,6.660845516565558,9.227381979200324,0,0.20167813112533145,8.263241872343897,1.544373768,9.807615640343897,4.646174561462803,0.2
9,11,8.603324617914517,8.603324617914517,9.227381979200324,0,2.1441572324742912,8.263241872343897,1.544373768,9.807615640343897,4.93014917717799,0.2
9,12,10.370610678204878,10.370610678204878,9.227381979200324,0,3.911443292764652,8.263241872343897,1.544373768,9.807615640343897,1.6795516723124546,0.2
10,1,9.554815805788907,9.554815805788907,11.37666521797163,0,0.8121771541477207,10.370610678204878,1.5099363912000001,11.880547069404878,4.3171959569111475,0.2
10,2,12.334026081001578,12.334026081001578,11.37666521797163,0,3.591387429360391,10.370610678204878,1.5099363912000001,11.880547069404878,1.3964196910844988,0.2
10,3,9.913296159314765,9.913296159314765,11.37666521797163,0,1.170657507673578,10.370610678204878,1.5099363912000001,11.880547069404878,3.3171032686314765,0.2
10,4,11.483378762099623,11.483378762099623,11.37666521797163,0,2.740740110458435,10.370610678204878,1.5099363912000001,11.880547069404878,2.0976216406087396,0.2
10,5,10.586536740409572,10.586536740409572,11.37666521797163,0,1.8438980887683853,10.370610678204878,1.5099363912000001,11.880547069404878,2.6718240559661024,0.2
10,6,9.814032893848264,9.814032893848264,11.37666521797163,0,1.0713942422070781,10.370610678204878,1.5099363912000001,11.880547069404878,4.791034164446081,0.2
10,7,10.101105846815503,10.101105846815503,11.37666521797163,0,1.3584671951743166,10.370610678204878,1.5099363912000001,11.880547069404878,6.336098366991582,0.2
10,8,13.384919615853164,13.384919615853164,11.37666521797163,0,4.642280964211977,10.370610678204878,1.5099363912000001,11.880547069404878,1.313535031461761,0.2
10,9,9.75806256428798,9.75806256428798,11.37666521797163,0,1.0154239126467932,10.370610678204878,1.5099363912000001,11.880547069404878,3.544685799062308,0.2
10,10,9.714989862206442,9.714989862206442,11.37666521797163,0,0.9723512105652558,10.370610678204878,1.5099363912000001,11.880547069404878,5.861981970825931,0.2
10,11,10.943187660136607,10.943187660136607,11.37666521797163,0,2.2005490084954205,10.370610678204878,1.5099363912000001,11.880547069404878,5.722882546729224,0.2
10,12,11.455079836847823,11.455079836847823,11.37666521797163,0,2.712441185206637,10.370610678204878,1.5099363912000001,11.880547069404878,4.559998769210085,0.2
11,1,12.509441587638015,12.509441587638015,12.853593166534164,0,2.6318264625400394,11.455079836847823,1.4789427520799998,12.934022588927823,3.849788597316042,0.2
11,2,12.603218561106507,12.603218561106507,12.853593166534164,0,2.7256034360085324,11.455079836847823,1.4789427520799998,12.934022588927823,2.9520244784850145,0.2
11,3,12.205879984173023,12.205879984173023,12.853593166534164,0,2.328264859075049,11.455079836847823,1.4789427520799998,12.934022588927823,2.8489375135209536,0.2
11,4,10.463715953265618,10.463715953265618,12.853593166534164,0,0.5861008281676431,11.455079836847823,1.4789427520799998,12.934022588927823,6.230178610371704,0.2
11,5,11.920720950352035,11.920720950352035,12.853593166534164,0,2.0431058252540595,11.455079836847823,1.4789427520799998,12.934022588927823,6.6974097130496215,0.2
11,6,14.715767039003262,14.715767039003262,12.853593166534164,0,4.838151913905287,11.455079836847823,1.4789427520799998,12.934022588927823,1.5745486384250835,0.2
11,7,11.31433581077548,11.31433581077548,12.853593166534164,0,1.4367206856775059,11.455079836847823,1.4789427520799998,12.934022588927823,3.254550020256109,0.2
11,8,12.472731341954123,12.472731341954123,12.853593166534164,0,2.595116216856149,11.455079836847823,1.4789427520799998,12.934022588927823,2.6177603397298483,0.2
11,9,12.086077646967805,12.086077646967805,12.853593166534164,0,2.2084625218698295,11.455079836847823,1.4789427520799998,12.934022588927823,2.7542780491762255,0.2
11,10,11.715870697278646,11.715870697278646,12.853593166534164,0,1.8382555721806701,11.455079836847823,1.4789427520799998,12.934022588927823,3.631209658000921,0.2
11,11,12.242895049522213,12.242895049522213,12.853593166534164,0,2.3652799244242377,11.455079836847823,1.4789427520799998,12.934022588927823,3.454092562338482,0.2
11,12,12.903742781768482,12.903742781768482,12.853593166534164,0,3.026127656670506,11.455079836847823,1.4789427520799998,12.934022588927823,1.9552800021835055,0.2
12,1,12.78238642721155,12.712122639577855,14.793820517745978,0.07026378763369623,1.3434988305924462,12.903742781768482,1.5213122645056962,14.425055046274178,4.228598022542257,0.2
12,2,15.193542009789587,15.123278222155891,14.793820517745978,0.07026378763369623,3.754654413170483,12.903742781768482,1.5213122645056962,14.425055046274178,1.6796048777449348,0.2
12,3,12.283618675615244,12.213354887981549,14.793820517745978,0.07026378763369623,0.8447310789961398,12.903742781768482,1.5213122645056962,14.425055046274178,4.950458401296299,0.2
12,4,14.944806551606394,14.874542763972698,14.793820517745978,0.07026378763369623,3.5059189549872896,12.903742781768482,1.5213122645056962,14.425055046274178,2.898936172865363,0.2
12,5,14.104275110652065,14.034011323018369,14.793820517745978,0.07026378763369623,2.6653875140329615,12.903742781768482,1.5213122645056962,14.425055046274178,2.5284768263430846,0.2
12,6,11.98641897971133,11.916155192077634,14.793820517745978,0.07026378763369623,0.547531383092225,12.903742781768482,1.5213122645056962,14.425055046274178,6.393729741702279,0.2
12,7,16.092636113450546,16.02237232581685,14.793820517745978,0.07026378763369623,4.653748516831442,12.903742781768482,1.5213122645056962,14.425055046274178,2.046548389583039,0.2
12,8,11.887645037934268,11.817381250300572,14.793820517745978,0.07026378763369623,0.44875744131516504,12.903742781768482,1.5213122645056962,14.425055046274178,6.1093491884963536,0.2
12,9,13.432083788619298,13.361820000985603,14.793820517745978,0.07026378763369623,1.993196192000195,12.903742781768482,1.5213122645056962,14.425055046274178,7.083272486039608,0.2
12,10,17.546686235917555,17.47642244828386,14.793820517745978,0.07026378763369623,6.107798639298451,12.903742781768482,1.5213122645056962,14.425055046274178,-0.1720091110136508,0.2
12,11,11.438887596619104,11.368623808985408,14.793820517745978,0.07026378763369623,0,12.903742781768482,1.5213122645056962,14.425055046274178,4.788306570529993,0.2
12,12,15.09105779468015,15.020794007046455,14.793820517745978,0.07026378763369623,3.6521701980610475,12.903742781768482,1.5213122645056962,14.425055046274178,2.4442818559515436,0.2
13,1,16.04869272574369,15.374234003816095,17.198463044180627,0.6744587219275946,2.157711861514353,15.020794007046455,2.1074287298757644,17.12822273692222,3.9150708995464356,0.2
13,2,17.03513874786875,16.360680025941154,17.198463044180627,0.6744587219275946,3.1441578836394135,15.020794007046455,2.1074287298757644,17.12822273692222,3.412967898891209,0.2
13,3,16.365951074459176,15.691492352531583,17.198463044180627,0.6744587219275946,2.4749702102298414,15.020794007046455,2.1074287298757644,17.12822273692222,4.249240245055125,0.2
13,4,16.530403843529594,15.855945121602,17.198463044180627,0.6744587219275946,2.639422979300259,15.020794007046455,2.1074287298757644,17.12822273692222,4.756607053078207,0.2
13,5,17.818691442480386,17.144232720552793,17.198463044180627,0.6744587219275946,3.927710578251052,15.020794007046455,2.1074287298757644,17.12822273692222,2.6873986631997027,0.2
13,6,14.339629231863404,13.665170509935809,17.198463044180627,0.6744587219275946,0.4486483676340679,15.020794007046455,2.1074287298757644,17.12822273692222,7.576314694555167,0.2
13,7,17.64374299078488,16.969284268857283,17.198463044180627,0.6744587219275946,3.7527621265555418,15.020794007046455,2.1074287298757644,17.12822273692222,5.857003208067683,0.2
13,8,19.476850583250794,18.8023918613232,17.198463044180627,0.6744587219275946,5.585869719021462,15.020794007046455,2.1074287298757644,17.12822273692222,0.4714765366483604,0.2
13,9,14.340163165693545,13.66570444376595,17.198463044180627,0.6744587219275946,0.4491823014642095,15.020794007046455,2.1074287298757644,17.12822273692222,5.359324700343541,0.2
13,10,17.493337616553852,16.81887889462626,17.198463044180627,0.6744587219275946,3.6023567523245177,15.020794007046455,2.1074287298757644,17.12822273692222,3.940823962318105,0.2
13,11,16.946530236349666,16.272071514422073,17.198463044180627,0.6744587219275946,3.055549372120331,15.020794007046455,2.1074287298757644,17.12822273692222,3.6159379847010413,0.2
13,12,14.820406775990737,14.145948054063142,17.198463044180627,0.6744587219275946,0.9294259117614011,15.020794007046455,2.1074287298757644,17.12822273692222,7.543298927801839,0.2
14,1,17.556145273206013,17.498144455854504,16.218634310833988,0.058000817351507195,5.034592396790588,14.145948054063146,1.5351196966976195,15.681067750760764,2.9115923809899638,0.2
14,2,13.107752821021913,13.049752003670406,16.218634310833988,0.058000817351507195,0.5861999446064899,14.145948054063146,1.5351196966976195,15.681067750760764,7.176670738546285,0.2
14,3,17.236218033968278,17.178217216616773,16.218634310833988,0.058000817351507195,4.714665157552854,14.145948054063146,1.5351196966976195,15.681067750760764,3.184818670209875,0.2
14,4,14.155404010886057,14.09740319353455,16.218634310833988,0.058000817351507195,1.6338511344706341,14.145948054063146,1.5351196966976195,15.681067750760764,5.354594648037908,0.2
14,5,15.219313800543596,15.161312983192088,16.218634310833988,0.058000817351507195,2.6977609241281724,14.145948054063146,1.5351196966976195,15.681067750760764,5.396551046550865,0.2
14,6,17.32594567870339,17.267944861351882,16.218634310833988,0.058000817351507195,4.804392802287967,14.145948054063146,1.5351196966976195,15.681067750760764,1.225243688744233,0.2
14,7,13.49839209244204,13.440391275090533,16.218634310833988,0.058000817351507195,0.9768392160266166,14.145948054063146,1.5351196966976195,15.681067750760764,4.7090435034603,0.2
14,8,13.294273476668467,13.23627265931696,16.218634310833988,0.058000817351507195,0.7727206002530425,14.145948054063146,1.5351196966976195,15.681067750760764,8.601080549723516,0.2
14,9,19.24397380510152,19.185972987750013,16.218634310833988,0.058000817351507195,6.7224209286860965,14.145948054063146,1.5351196966976195,15.681067750760764,0.5937169391206236,0.2
14,10,13.062663382239922,13.004662564888415,16.218634310833988,0.058000817351507195,0.541110505824499,14.145948054063146,1.5351196966976195,15.681067750760764,4.948974174240926,0.2
14,11,17.218306713865374,17.16030589651387,16.218634310833988,0.058000817351507195,4.696753837449954,14.145948054063146,1.5351196966976195,15.681067750760764,0.9929447461103207,0.2
14,12,12.728367723700105,12.670366906348598,16.218634310833988,0.058000817351507195,0.2068148472846818,14.145948054063146,1.5351196966976195,15.681067750760764,6.016793298310258,0.2
15,1,15.410647027154209,15.410647027154209,14.518471609958565,0,4.2536209014782,12.670366906348596,1.4552070731466515,14.125573979495247,2.384337760309002,0.2
15,2,12.281646525561447,12.281646525561447,14.518471609958565,0,1.1246203998854387,12.670366906348596,1.4552070731466515,14.125573979495247,5.009883225493269,0.2
15,3,13.71268130802059,13.71268130802059,14.518471609958565,0,2.5556551823445823,12.670366906348596,1.4552070731466515,14.125573979495247,4.773359125759249,0.2
15,4,14.046697942570317,14.046697942570317,14.518471609958565,0,2.889671816894309,12.670366906348596,1.4552070731466515,14.125573979495247,3.868801756925776,0.2
15,5,13.730896684221936,13.730896684221936,14.518471609958565,0,2.573870558545928,12.670366906348596,1.4552070731466515,14.125573979495247,3.5958469047890653,0.2
15,6,12.92066618982112,12.92066618982112,14.518471609958565,0,1.7636400641451115,12.670366906348596,1.4552070731466515,14.125573979495247,4.943353041453987,0.2
15,7,13.168710211698869,13.168710211698869,14.518471609958565,0,2.0116840860228615,12.670366906348596,1.4552070731466515,14.125573979495247,5.794771134363409,0.2
15,8,15.330187074524174,15.330187074524174,14.518471609958565,0,4.173160948848166,12.670366906348596,1.4552070731466515,14.125573979495247,2.3232355016222224,0.2
15,9,12.663520708849736,12.663520708849736,14.518471609958565,0,1.5064945831737278,12.670366906348596,1.4552070731466515,14.125573979495247,4.185032600229911,0.2
15,10,12.63297993753873,12.63297993753873,14.518471609958565,0,1.475953811862722,12.670366906348596,1.4552070731466515,14.125573979495247,6.107911241459611,0.2
15,11,14.57717814395006,14.57717814395006,14.518471609958565,0,3.4201520182740515,12.670366906348596,1.4552070731466515,14.125573979495247,4.142393469866652,0.2
15,12,12.450510346407242,12.450510346407242,14.518471609958565,0,1.293484220731234,12.670366906348596,1.4552070731466515,14.125573979495247,6.430211293359328,0.2
16,1,17.555461918374128,17.362223507412544,14.268260983259074,0.19323841096158345,6.397477022046137,12.45051034640724,1.62292477679357,14.07343512320081,-1.5754643917994464,0.2
16,2,11.15798489632799,10.964746485366407,14.268260983259074,0.19323841096158345,0,12.45051034640724,1.62292477679357,14.07343512320081,3.2138139671340546,0.2
16,3,13.800805096984552,13.607566686022968,14.268260983259074,0.19323841096158345,2.642820200656562,12.45051034640724,1.62292477679357,14.07343512320081,2.7174519247544318,0.2
16,4,12.598217366926793,12.404978955965209,14.268260983259074,0.19323841096158345,1.4402324705988017,12.45051034640724,1.62292477679357,14.07343512320081,4.626265342490329,0.2
16,5,14.599666197617983,14.4064277866564,14.268260983259074,0.19323841096158345,3.4416813012899925,12.45051034640724,1.62292477679357,14.07343512320081,2.5321810988438442,0.2
16,6,12.818339238049454,12.62510082708787,14.268260983259074,0.19323841096158345,1.660354341721464,12.45051034640724,1.62292477679357,14.07343512320081,4.000750774334418,0.2
16,7,14.26765773784102,14.074419326879436,14.268260983259074,0.19323841096158345,3.109672841513029,12.45051034640724,1.62292477679357,14.07343512320081,2.5706834502418605,0.2
16,8,13.179196887605732,12.985958476644148,14.268260983259074,0.19323841096158345,2.021211991277742,12.45051034640724,1.62292477679357,14.07343512320081,3.3175378266198776,0.2
16,9,12.476134357217585,12.282895946256001,14.268260983259074,0.19323841096158345,1.318149460889594,12.45051034640724,1.62292477679357,14.07343512320081,5.470517263774189,0.2
16,10,13.566602989759106,13.373364578797522,14.268260983259074,0.19323841096158345,2.4086180934311154,12.45051034640724,1.62292477679357,14.07343512320081,5.4425594358454585,0.2
16,11,11.98819673261899,11.794958321657406,14.268260983259074,0.19323841096158345,0.830211836290999,12.45051034640724,1.62292477679357,14.07343512320081,8.57141412219696,0.2
16,12,15.582541220899218,15.389302809937634,14.268260983259074,0.19323841096158345,4.424556324571228,12.45051034640724,1.62292477679357,14.07343512320081,4.511579831988007,0.2
17,1,18.460819587280465,17.6433747287424,17.61812970452906,0.8174448585380651,4.1043508783151985,15.389302809937636,2.243486428883011,17.632789238820646,2.232262888969899,0.2
17,2,16.125104977638472,15.307660119100408,17.61812970452906,0.8174448585380651,1.768636268673204,15.389302809937636,2.243486428883011,17.632789238820646,4.624375165235779,0.2
17,3,16.370730799372403,15.55328594083434,17.61812970452906,0.8174448585380651,2.0142620904071347,15.389302809937636,2.243486428883011,17.632789238820646,6.525235798033798,0.2
17,4,15.790864492953903,14.973419634415837,17.61812970452906,0.8174448585380651,1.434395783988632,15.389302809937636,2.243486428883011,17.632789238820646,9.58582904366882,0.2
17,5,17.99640971002285,17.178964851484785,17.61812970452906,0.8174448585380651,3.639941001057582,15.389302809937636,2.243486428883011,17.632789238820646,8.235331855165946,0.2
17,6,19.994236395023226,19.17679153648516,17.61812970452906,0.8174448585380651,5.6377676860579555,15.389302809937636,2.243486428883011,17.632789238820646,2.8891812966623203,0.2
17,7,14.806245377334557,13.988800518796491,17.61812970452906,0.8174448585380651,0.44977666836928637,15.389302809937636,2.243486428883011,17.632789238820646,7.919012773536035,0.2
17,8,16.664555902871577,15.847111044333511,17.61812970452906,0.8174448585380651,2.3080871939063066,15.389302809937636,2.243486428883011,17.632789238820646,9.23222319933571,0.2
17,9,19.37006666638054,18.552621807842478,17.61812970452906,0.8174448585380651,5.013597957415271,15.389302809937636,2.243486428883011,17.632789238820646,5.134412098117453,0.2
17,10,19.20561919316706,18.388174334628996,17.61812970452906,0.8174448585380651,4.849150484201791,15.389302809937636,2.243486428883011,17.632789238820646,1.3654959433261578,0.2
17,11,15.577284552253257,14.759839693715191,17.61812970452906,0.8174448585380651,1.2208158432879876,15.389302809937636,2.243486428883011,17.632789238820646,4.85324907036247,0.2
17,12,16.162099019519218,15.344654160981152,17.61812970452906,0.8174448585380651,1.805630310553947,15.389302809937636,2.243486428883011,17.632789238820646,7.171373262866863,0.2
18,1,18.77862884027494,18.56151699972129,17.58564342687615,0.2171118405536494,5.047457915437302,15.34465416098115,1.7022937397179077,17.04694790069906,2.9786368512815793,0.2
18,2,14.857896667940068,14.640784827386419,17.58564342687615,0.2171118405536494,1.126725743102428,15.34465416098115,1.7022937397179077,17.04694790069906,6.6273647843660415,0.2
18,3,16.113915746806203,15.896803906252552,17.58564342687615,0.2171118405536494,2.3827448219685614,15.34465416098115,1.7022937397179077,17.04694790069906,7.764054559718237,0.2
18,4,19.0355215493758,18.818409708822152,17.58564342687615,0.2171118405536494,5.304350624538163,15.34465416098115,1.7022937397179077,17.04694790069906,3.057532729931231,0.2
18,5,14.260989503327778,14.043877662774129,17.58564342687615,0.2171118405536494,0.5298185784901386,15.34465416098115,1.7022937397179077,17.04694790069906,7.900074992240273,0.2
18,6,21.188129584717295,20.971017744163646,17.58564342687615,0.2171118405536494,7.456958659879653,15.34465416098115,1.7022937397179077,17.04694790069906,-1.1116629082297171,0.2
18,7,13.73117092483764,13.514059084283991,17.58564342687615,0.2171118405536494,0,15.34465416098115,1.7022937397179077,17.04694790069906,4.790516511059601,0.2
18,8,18.026479613123946,17.809367772570297,17.58564342687615,0.2171118405536494,4.295308688286305,15.34465416098115,1.7022937397179077,17.04694790069906,2.102078553776308,0.2
18,9,14.604264222250583,14.387152381696934,17.58564342687615,0.2171118405536494,0.8730932974129424,15.34465416098115,1.7022937397179077,17.04694790069906,6.258071378239741,0.2
18,10,16.68295030928978,16.46583846873613,17.58564342687615,0.2171118405536494,2.9517793844521414,15.34465416098115,1.7022937397179077,17.04694790069906,6.256692028624778,0.2
18,11,17.930827817230305,17.713715976676657,17.58564342687615,0.2171118405536494,4.199656892392666,15.34465416098115,1.7022937397179077,17.04694790069906,3.7595576631287653,0.2
18,12,14.783337241711948,14.566225401158299,17.58564342687615,0.2171118405536494,1.052166316874308,15.34465416098115,1.7022937397179077,17.04694790069906,7.557404448669468,0.2
19,1,15.943901706114344,15.814405558914656,16.697050964336302,0.12949614719968805,2.9832041187393994,14.566225401158299,1.6078710405028853,16.174096441661185,7.1918696963347575,0.2
19,2,16.3761611451781,16.24666499797841,16.697050964336302,0.12949614719968805,3.4154635578031547,14.566225401158299,1.6078710405028853,16.174096441661185,5.961816065872537,0.2
19,3,15.767952031269703,15.638455884070014,16.697050964336302,0.12949614719968805,2.807254443894758,14.566225401158299,1.6078710405028853,16.174096441661185,5.9481806632271095,0.2
19,4,15.477705839224543,15.348209692024854,16.697050964336302,0.12949614719968805,2.5170082518495978,14.566225401158299,1.6078710405028853,16.174096441661185,6.515037644672002,0.2
19,5,15.154509432013901,15.025013284814213,16.697050964336302,0.12949614719968805,2.1938118446389563,14.566225401158299,1.6078710405028853,16.174096441661185,7.728287440538178,0.2
19,6,19.345020967990283,19.215524820790595,16.697050964336302,0.12949614719968805,6.384323380615339,14.566225401158299,1.6078710405028853,16.174096441661185,0.5605141644515887,0.2
19,7,13.142973898430032,13.013477751230344,16.697050964336302,0.12949614719968805,0.1822763110550876,14.566225401158299,1.6078710405028853,16.174096441661185,5.7968350274855025,0.2
19,8,14.93514634243772,14.805650195238032,16.697050964336302,0.12949614719968805,1.974448755062775,14.566225401158299,1.6078710405028853,16.174096441661185,7.448811002504041,0.2
19,9,19.473509115331566,19.344012968131878,16.697050964336302,0.12949614719968805,6.512811527956622,14.566225401158299,1.6078710405028853,16.174096441661185,0.02406143173488573,0.2
19,10,12.978235776547177,12.848739629347488,16.697050964336302,0.12949614719968805,0.017538189172230836,14.566225401158299,1.6078710405028853,16.174096441661185,5.589858538534512,0.2
19,11,14.921516812077067,14.792020664877379,16.697050964336302,0.12949614719968805,1.9608192247021223,14.566225401158299,1.6078710405028853,16.174096441661185,7.269093574274355,0.2
19,12,17.28445029802422,17.15495415082453,16.697050964336302,0.12949614719968805,4.323752710649275,14.566225401158299,1.6078710405028853,16.174096441661185,4.222461638119895,0.2
20,1,14.613265498988815,13.817144855752371,18.650729371524385,0.7961206432364434,3.1232934503038807,17.154954150824533,2.25960766192929,19.414561812753824,12.393855448964072,0.2
20,2,21.152543449767503,20.35642280653106,18.650729371524385,0.7961206432364434,9.66257140108257,17.154954150824533,2.25960766192929,19.414561812753824,7.486693358250868,0.2
20,3,18.39511746119193,17.598996817955488,18.650729371524385,0.7961206432364434,6.905145412506995,17.154954150824533,2.25960766192929,19.414561812753824,8.094383244688812,0.2
20,4,18.983658157583182,18.18753751434674,18.650729371524385,0.7961206432364434,7.493686108898249,17.154954150824533,2.25960766192929,19.414561812753824,7.52499173834425,0.2
20,5,19.01470177346061,18.21858113022417,18.650729371524385,0.7961206432364434,7.5247297247756775,17.154954150824533,2.25960766192929,19.414561812753824,6.8935130002448295,0.2
20,6,18.34754098612946,17.551420342893017,18.650729371524385,0.7961206432364434,6.857568937444524,17.154954150824533,2.25960766192929,19.414561812753824,7.596355836807715,0.2
20,7,18.04915360843555,17.253032965199107,18.650729371524385,0.7961206432364434,6.559181559750616,17.154954150824533,2.25960766192929,19.414561812753824,8.895973428758417,0.2
20,8,18.139646394673086,17.343525751436644,18.650729371524385,0.7961206432364434,6.649674345988151,17.154954150824533,2.25960766192929,19.414561812753824,10.014605448234049,0.2
20,9,19.41696117621007,18.620840532973627,18.650729371524385,0.7961206432364434,7.926989127525136,17.154954150824533,2.25960766192929,19.414561812753824,8.578607904635712,0.2
20,10,19.6647980118059,18.868677368569458,18.650729371524385,0.7961206432364434,8.174825963120966,17.154954150824533,2.25960766192929,19.414561812753824,6.646936689845715,0.2
20,11,16.44448197963135,15.64836133639491,18.650729371524385,0.7961206432364434,4.954509930946419,17.154954150824533,2.25960766192929,19.414561812753824,11.155897539404812,0.2
20,12,18.844848769908722,18.04872812667228,18.650729371524385,0.7961206432364434,7.354876721223789,17.154954150824533,2.25960766192929,19.414561812753824,10.86412480840917,0.2
21,1,22.110283962994057,21.66804214913166,19.634027192642208,0.4422418138623958,10.410392911605367,18.04872812667228,1.9589921950096016,20.00772032168188,5.210795829460334,0.2
21,2,16.07018972643336,15.627947912570963,19.634027192642208,0.4422418138623958,4.370298675044669,18.04872812667228,1.9589921950096016,20.00772032168188,11.637655323632895,0.2
21,3,22.627436819864478,22.185195006002083,19.634027192642208,0.4422418138623958,10.927545768475786,18.04872812667228,1.9589921950096016,20.00772032168188,4.95002063094322,0.2
21,4,15.474919034753954,15.032677220891559,19.634027192642208,0.4422418138623958,3.775027983365265,18.04872812667228,1.9589921950096016,20.00772032168188,12.56742150847459,0.2
21,5,23.094925321531022,22.652683507668627,19.634027192642208,0.4422418138623958,11.395034270142332,18.04872812667228,1.9589921950096016,20.00772032168188,4.944809812451824,0.2
21,6,16.528449352021216,16.08620753815882,19.634027192642208,0.4422418138623958,4.828558300632526,18.04872812667228,1.9589921950096016,20.00772032168188,10.455150055448671,0.2
21,7,20.784139309449802,20.341897495587407,19.634027192642208,0.4422418138623958,9.084248258061113,18.04872812667228,1.9589921950096016,20.00772032168188,7.454110383588345,0.2
21,8,19.062651771618906,18.62040995775651,19.634027192642208,0.4422418138623958,7.3627607202302165,18.04872812667228,1.9589921950096016,20.00772032168188,7.896045787389811,0.2
21,9,18.037012273672524,17.594770459810128,19.634027192642208,0.4422418138623958,6.337121222283836,18.04872812667228,1.9589921950096016,20.00772032168188,10.38926018708404,0.2
21,10,18.32105010714623,17.878808293283836,19.634027192642208,0.4422418138623958,6.621159055757541,18.04872812667228,1.9589921950096016,20.00772032168188,12.314398919830857,0.2
21,11,21.516391481365595,21.0741496675032,19.634027192642208,0.4422418138623958,9.816500429976905,18.04872812667228,1.9589921950096016,20.00772032168188,7.848854904138946,0.2
21,12,16.411888879097315,15.96964706523492,19.634027192642208,0.4422418138623958,4.711997827708626,18.04872812667228,1.9589921950096016,20.00772032168188,13.592316092983594,0.2
22,1,22.15749575317071,22.15749575317071,17.330257055092,0,12.220769415361444,15.96964706523492,1.529299524418725,17.498946589653645,2.5772287069690947,0.2
22,2,11.574964208328453,11.574964208328453,17.330257055092,0,1.6382378705191853,15.96964706523492,1.529299524418725,17.498946589653645,12.72720441063911,0.2
22,3,20.208354929113312,20.208354929113312,17.330257055092,0,10.271628591304044,15.96964706523492,1.529299524418725,17.498946589653645,5.610398672739409,0.2
22,4,14.990105447794319,14.990105447794319,17.330257055092,0,5.053379109985052,15.96964706523492,1.529299524418725,17.498946589653645,8.930091897477693,0.2
22,5,17.23080967667146,17.23080967667146,17.330257055092,0,7.294083338862193,15.96964706523492,1.529299524418725,17.498946589653645,7.768376664461695,0.2
22,6,15.106364418219828,15.106364418219828,17.330257055092,0,5.169638080410561,15.96964706523492,1.529299524418725,17.498946589653645,10.85555194834896,0.2
22,7,16.81802805669512,16.81802805669512,17.330257055092,0,6.881301718885851,15.96964706523492,1.529299524418725,17.498946589653645,10.519399955285644,0.2
22,8,16.16377000051481,16.16377000051481,17.330257055092,0,6.227043662705544,15.96964706523492,1.529299524418725,17.498946589653645,11.491764074582946,0.2
22,9,19.730162727659362,19.730162727659362,17.330257055092,0,9.793436389850097,15.96964706523492,1.529299524418725,17.498946589653645,5.3313427395911415,0.2
22,10,14.183776748407745,14.183776748407745,17.330257055092,0,4.247050410598478,15.96964706523492,1.529299524418725,17.498946589653645,10.263693363102574,0.2
22,11,18.592817339821394,18.592817339821394,17.330257055092,0,8.656091002012126,15.96964706523492,1.529299524418725,17.498946589653645,6.377962803786708,0.2
22,12,15.443788095815524,15.443788095815524,17.330257055092,0,5.507061758006257,15.96964706523492,1.529299524418725,17.498946589653645,8.790290732482582,0.2
23,1,15.706701804836719,15.581639905442138,16.810420639551886,0.12506189939458023,5.9429744783988845,15.443788095815526,1.6214314713714326,17.065219567186958,9.881219656965717,0.2
23,2,15.975494779482096,15.850432880087515,16.810420639551886,0.12506189939458023,6.211767453044262,15.443788095815526,1.6214314713714326,17.065219567186958,10.434562632158098,0.2
23,3,16.081827889045627,15.956765989651046,16.810420639551886,0.12506189939458023,6.318100562607793,15.443788095815526,1.6214314713714326,17.065219567186958,10.775239388223417,0.2
23,4,16.779939013105185,16.654877113710604,16.810420639551886,0.12506189939458023,7.01621168666735,15.443788095815526,1.6214314713714326,17.065219567186958,9.71969389616962,0.2
23,5,18.791514051262183,18.666452151867603,16.810420639551886,0.12506189939458023,9.02778672482435,15.443788095815526,1.6214314713714326,17.065219567186958,4.6409983278018245,0.2
23,6,12.680660043156792,12.55559814376221,16.810420639551886,0.12506189939458023,2.9169327167189576,15.443788095815526,1.6214314713714326,17.065219567186958,11.784010775644814,0.2
23,7,18.7615858545535,18.636523955158918,16.810420639551886,0.12506189939458023,8.997858528115664,15.443788095815526,1.6214314713714326,17.065219567186958,6.765171600694391,0.2
23,8,15.053003529704435,14.927941630309855,16.810420639551886,0.12506189939458023,5.289276203266601,15.443788095815526,1.6214314713714326,17.065219567186958,9.163497075442093,0.2
23,9,17.549401000641357,17.424339101246776,16.810420639551886,0.12506189939458023,7.7856736742035215,15.443788095815526,1.6214314713714326,17.065219567186958,6.569027608315953,0.2
23,10,15.995567569759777,15.870505670365196,16.810420639551886,0.12506189939458023,6.231840243321942,15.443788095815526,1.6214314713714326,17.065219567186958,7.082225002952973,0.2
23,11,16.11324480947733,15.98818291008275,16.810420639551886,0.12506189939458023,6.349517483039497,15.443788095815526,1.6214314713714326,17.065219567186958,7.360067918154884,0.2
23,12,16.10201497258443,15.97695307318985,16.810420639551886,0.12506189939458023,6.338287646146597,15.443788095815526,1.6214314713714326,17.065219567186958,7.660370507142594,0.2
24,1,17.60656315397146,17.203560586519743,17.379310044279954,0.40300256745171703,7.2387085187768285,15.976953073189847,1.8822413721703424,17.85919444536019,6.60951245157291,0.2
24,2,16.025183939639252,15.622181372187534,17.379310044279954,0.40300256745171703,5.65732930444462,15.976953073189847,1.8822413721703424,17.85919444536019,8.721412824667645,0.2
24,3,16.541282847349102,16.138280279897383,17.379310044279954,0.40300256745171703,6.1734282121544695,15.976953073189847,1.8822413721703424,17.85919444536019,9.80111538234268,0.2
24,4,16.342298876868156,15.939296309416438,17.379310044279954,0.40300256745171703,5.974444241673523,15.976953073189847,1.8822413721703424,17.85919444536019,11.278785880979605,0.2
24,5,16.890398165899246,16.487395598447527,17.379310044279954,0.40300256745171703,6.5225435307046125,15.976953073189847,1.8822413721703424,17.85919444536019,11.660257801554351,0.2
24,6,21.78961388823119,21.386611320779473,17.379310044279954,0.40300256745171703,11.42175925303656,15.976953073189847,1.8822413721703424,17.85919444536019,2.2432982774652057,0.2
24,7,11.83889696554897,11.435894398097254,17.379310044279954,0.40300256745171703,1.47104233035434,15.976953073189847,1.8822413721703424,17.85919444536019,12.727772598740499,0.2
24,8,22.965502750340537,22.56250018288882,17.379310044279954,0.40300256745171703,12.597648115145905,15.976953073189847,1.8822413721703424,17.85919444536019,0.9590353504326625,0.2
24,9,10.950261062158164,10.547258494706448,17.379310044279954,0.40300256745171703,0.5824064269635342,15.976953073189847,1.8822413721703424,17.85919444536019,13.220781478489569,0.2
24,10,22.68722317118913,22.284220603737413,17.379310044279954,0.40300256745171703,12.3193685359945,15.976953073189847,1.8822413721703424,17.85919444536019,2.008603388484543,0.2
24,11,11.770645952361244,11.367643384909528,17.379310044279954,0.40300256745171703,1.4027913171666144,15.976953073189847,1.8822413721703424,17.85919444536019,12.62957973613529,0.2
24,12,19.20495509030834,18.80195252285662,17.379310044279954,0.40300256745171703,8.837100455113706,15.976953073189847,1.8822413721703424,17.85919444536019,8.38193780789185,0.2
25,1,20.458712813546974,19.614474118894993,20.443883571586674,0.8442386946519802,7.892473938106961,18.80195252285662,2.335853875643915,21.137806398500537,8.39882566454516,0.2
25,2,18.91510625866692,18.07086756401494,20.443883571586674,0.8442386946519802,6.348867383226907,18.80195252285662,2.335853875643915,21.137806398500537,11.502926630958576,0.2
25,3,20.35313482716339,19.50889613251141,20.443883571586674,0.8442386946519802,7.786895951723379,18.80195252285662,2.335853875643915,21.137806398500537,11.730970460379051,0.2
25,4,22.210855511949173,21.366616817297192,20.443883571586674,0.8442386946519802,9.64461663650916,18.80195252285662,2.335853875643915,21.137806398500537,8.243572920227964,0.2
25,5,18.471897619499114,17.627658924847132,20.443883571586674,0.8442386946519802,5.9056587440591,18.80195252285662,2.335853875643915,21.137806398500537,12.234091164976995,0.2
25,6,24.030100779488432,23.18586208483645,20.443883571586674,0.8442386946519802,11.463861904048422,18.80195252285662,2.335853875643915,21.137806398500537,5.108203089747386,0.2
25,7,17.56569202321941,16.721453328567428,20.443883571586674,0.8442386946519802,4.999453147779397,18.80195252285662,2.335853875643915,21.137806398500537,10.911132527055825,0.2
25,8,21.338160979565995,20.493922284914014,20.443883571586674,0.8442386946519802,8.771922104125983,18.80195252285662,2.335853875643915,21.137806398500537,9.169124051671092,0.2
25,9,18.612023342216567,17.767784647564586,20.443883571586674,0.8442386946519802,6.0457844667765555,18.80195252285662,2.335853875643915,21.137806398500537,12.879390850985214,0.2
25,10,20.93435565794785,20.09011696329587,20.443883571586674,0.8442386946519802,8.36811678250784,18.80195252285662,2.335853875643915,21.137806398500537,11.944993018836767,0.2
25,11,20.30777369601648,19.463535001364498,20.443883571586674,0.8442386946519802,7.741534820576466,18.80195252285662,2.335853875643915,21.137806398500537,12.263759110551067,0.2
25,12,20.942051997802977,20.097813303150996,20.443883571586674,0.8442386946519802,8.375813122362965,18.80195252285662,2.335853875643915,21.137806398500537,11.31396859869237,0.2
